sample_id,protocol,seed,case_MAE,positive_peak
b004_0000,loco_iso834,42,0.010761961401974569,0.02529662847518921
b004_0001,loco_iso834,42,0.006793654905479463,0.020204782485961914
b004_0002,loco_iso834,42,0.007852084995781789,0.038870036602020264
b004_0003,loco_iso834,42,0.011017019692503039,0.02800571918487549
b004_0004,loco_iso834,42,0.011073924478937368,0.03460007905960083
b004_0005,loco_iso834,42,0.0158571898326522,0.026611685752868652
b004_0006,loco_iso834,42,0.01089541559092334,0.009001076221466064
b004_0007,loco_iso834,42,0.007609780144984605,0.02656698226928711
b004_0008,loco_iso834,42,0.00612775584469076,0.015914708375930786
b004_0009,loco_iso834,42,0.010645326165879359,0.04614150524139404
b004_0010,loco_iso834,42,0.006615676352235138,0.017598092555999756
b004_0011,loco_iso834,42,0.01434820456827273,0.05703824758529663
b004_0012,loco_iso834,42,0.006141261426640339,0.040580928325653076
b004_0013,loco_iso834,42,0.010937874556564893,0.01743084192276001
b004_0014,loco_iso834,42,0.006335623684476634,0.01070314645767212
b004_0015,loco_iso834,42,0.010498944608891597,0.0303572416305542
b004_0017,loco_iso834,42,0.010961944206816251,0.05985689163208008
b004_0018,loco_iso834,42,0.00626488946011809,0.02310478687286377
b004_0019,loco_iso834,42,0.014397768761779442,0.04911905527114868
b004_0020,loco_iso834,42,0.006114174718739557,0.019719183444976807
b004_0021,loco_iso834,42,0.005765299205897284,0.02554813027381897
b004_0022,loco_iso834,42,0.0066236371143919524,0.024068832397460938
b004_0023,loco_iso834,42,0.00953327308668465,0.02745366096496582
b004_0024,loco_iso834,42,0.007833600349602152,0.024637937545776367
b004_0025,loco_iso834,42,0.009006853352804652,0.01169934868812561
b004_0026,loco_iso834,42,0.007503908860390303,0.02576524019241333
b004_0027,loco_iso834,42,0.012614494525506849,0.047316014766693115
b004_0028,loco_iso834,42,0.007198244394337545,0.012316465377807617
b004_0029,loco_iso834,42,0.006503029741713258,0.019335508346557617
b004_0030,loco_iso834,42,0.007822401821613312,0.026280581951141357
b004_0031,loco_iso834,42,0.00783351405722196,0.014768421649932861
b004_0032,loco_iso834,42,0.006923476631035571,0.017792850732803345
b004_0033,loco_iso834,42,0.01027500745458681,0.028317272663116455
b004_0034,loco_iso834,42,0.007391598991683272,0.019450783729553223
b004_0035,loco_iso834,42,0.008249463177606707,0.012171268463134766
b004_0036,loco_iso834,42,0.00620337819955388,0.019494682550430298
b004_0037,loco_iso834,42,0.00837528821630556,0.031469136476516724
b004_0038,loco_iso834,42,0.01283889685253628,0.047646403312683105
b004_0039,loco_iso834,42,0.007415103252793922,0.024883419275283813
b004_0040,loco_iso834,42,0.009879200062790855,0.041165709495544434
b004_0041,loco_iso834,42,0.015013535491755752,0.022932469844818115
b004_0042,loco_iso834,42,0.007445208484032115,0.020116806030273438
b004_0043,loco_iso834,42,0.007063948595132984,0.018377840518951416
b004_0044,loco_iso834,42,0.008437571405875878,0.03832453489303589
b004_0045,loco_iso834,42,0.008057277771781703,0.03281682729721069
b004_0046,loco_iso834,42,0.00840180122950038,0.030279874801635742
b004_0047,loco_iso834,42,0.007514267732374003,0.039203643798828125
b004_0048,loco_iso834,42,0.005681870780030235,0.00976783037185669
b004_0049,loco_iso834,42,0.005002734663545109,0.03513777256011963
b004_0050,loco_iso834,42,0.007915237826890633,0.04930490255355835
b004_0051,loco_iso834,42,0.007454397126299436,0.016762644052505493
b004_0052,loco_iso834,42,0.010866878767971133,0.022870004177093506
b004_0053,loco_iso834,42,0.007643002344936621,0.02838456630706787
b004_0054,loco_iso834,42,0.006005213763870177,0.03560525178909302
b004_0055,loco_iso834,42,0.0074416745270861956,0.028456449508666992
b004_0056,loco_iso834,42,0.0074762617100457675,0.025924623012542725
b004_0057,loco_iso834,42,0.008555612786382925,0.022875547409057617
b004_0058,loco_iso834,42,0.009611914148096179,0.023102104663848877
b004_0059,loco_iso834,42,0.022892772540694377,0.03097432851791382
b004_0060,loco_iso834,42,0.0077233272375630555,0.02296745777130127
b004_0061,loco_iso834,42,0.006851137661543049,0.05439084768295288
b004_0062,loco_iso834,42,0.006873166035921847,0.01969200372695923
b004_0063,loco_iso834,42,0.008160976479288007,0.03442734479904175
b004_0064,loco_iso834,42,0.007623587109026362,0.019726097583770752
b004_0065,loco_iso834,42,0.008271173131270487,0.03516080975532532
b004_0066,loco_iso834,42,0.009152820669725293,0.03676712512969971
b004_0067,loco_iso834,42,0.010490910501265134,0.047494471073150635
b004_0068,loco_iso834,42,0.011233366781570872,0.038092970848083496
b004_0069,loco_iso834,42,0.009180563211929603,0.04242658615112305
b004_0070,loco_iso834,42,0.006876118175807546,0.024906516075134277
b004_0071,loco_iso834,42,0.00919600814336636,0.03413146734237671
b004_0072,loco_iso834,42,0.00990991037888605,0.0423586368560791
b004_0073,loco_iso834,42,0.008239531553671008,0.041837096214294434
b004_0074,loco_iso834,42,0.01552312644045861,0.02073568105697632
b004_0075,loco_iso834,42,0.007371499340553753,0.025117695331573486
b004_0076,loco_iso834,42,0.006577298839072712,0.027459800243377686
b004_0077,loco_iso834,42,0.00732820737557333,0.051597028970718384
b004_0078,loco_iso834,42,0.007740863583615569,0.01898270845413208
b004_0079,loco_iso834,42,0.008385162434128464,0.020306766033172607
b004_0080,loco_iso834,42,0.005316976091412247,0.014361143112182617
b004_0081,loco_iso834,42,0.005791281578970737,0.018716126680374146
b004_0082,loco_iso834,42,0.01685726477718744,0.0025408267974853516
b004_0084,loco_iso834,42,0.006499071590235976,0.019985944032669067
b004_0086,loco_iso834,42,0.00786089640660364,0.045751988887786865
b004_0087,loco_iso834,42,0.006746248448969888,0.019558429718017578
b004_0088,loco_iso834,42,0.008062578065962087,0.02859783172607422
b004_0089,loco_iso834,42,0.009668457337090226,0.021966278553009033
b004_0090,loco_iso834,42,0.008609094824947294,0.03849989175796509
b004_0091,loco_iso834,42,0.007696744298837224,0.020372897386550903
b004_0092,loco_iso834,42,0.0065395461975551045,0.022425800561904907
b004_0093,loco_iso834,42,0.009787692398321434,0.04560583829879761
b004_0094,loco_iso834,42,0.008348995728082344,0.012449145317077637
b004_0095,loco_iso834,42,0.01622173513789646,0.01935756206512451
b004_0096,loco_iso834,42,0.008931765912986193,0.034239351749420166
b004_0097,loco_iso834,42,0.00966544113442546,0.03744089603424072
b004_0098,loco_iso834,42,0.00924343127207678,0.035693228244781494
b004_0099,loco_iso834,42,0.006308454653767288,0.018030226230621338
b005_0000,loco_iso834,42,0.006294740333420331,0.026857376098632812
b005_0001,loco_iso834,42,0.011950223233367576,0.030822187662124634
b005_0002,loco_iso834,42,0.009951818001563431,0.024248063564300537
b005_0003,loco_iso834,42,0.007896991965712094,0.03024500608444214
b005_0004,loco_iso834,42,0.008973310106113309,0.052640676498413086
b005_0005,loco_iso834,42,0.009178601754981964,0.02462291717529297
b005_0006,loco_iso834,42,0.005837092756247911,0.023029416799545288
b005_0007,loco_iso834,42,0.005915408251715488,0.046235859394073486
b005_0008,loco_iso834,42,0.011106373528476621,0.022637546062469482
b005_0010,loco_iso834,42,0.01358113804313003,0.03463047742843628
b005_0011,loco_iso834,42,0.009170081222155055,0.04785013198852539
b005_0013,loco_iso834,42,0.008823788679036939,0.0247420072555542
b005_0014,loco_iso834,42,0.005903166092810084,0.02800273895263672
b005_0015,loco_iso834,42,0.009731066336885828,0.031134068965911865
b005_0016,loco_iso834,42,0.008907173256405065,0.037179529666900635
b005_0017,loco_iso834,42,0.007781055984927006,0.03300660848617554
b005_0018,loco_iso834,42,0.009230653098860725,0.0335899293422699
b005_0019,loco_iso834,42,0.020023369764695403,0.049197256565093994
b005_0020,loco_iso834,42,0.007124878160777639,0.03635728359222412
b005_0021,loco_iso834,42,0.007544189691543579,0.00995725393295288
b005_0022,loco_iso834,42,0.010201468330914856,0.02795088291168213
b005_0023,loco_iso834,42,0.00967626395772715,0.038494229316711426
b005_0025,loco_iso834,42,0.007523234506122401,0.034738779067993164
b005_0026,loco_iso834,42,0.014889837654887652,0.04501473903656006
b005_0027,loco_iso834,42,0.008244045872668752,0.02597406506538391
b005_0028,loco_iso834,42,0.009217866986501412,0.035321056842803955
b005_0029,loco_iso834,42,0.006079636819538523,0.017504394054412842
b005_0031,loco_iso834,42,0.006208222664770533,0.014911770820617676
b005_0032,loco_iso834,42,0.009525469885986359,0.021928250789642334
b005_0033,loco_iso834,42,0.010564503427900251,0.02714782953262329
b005_0034,loco_iso834,42,0.008876557599325648,0.012871026992797852
b005_0035,loco_iso834,42,0.005610691352945859,0.02143484354019165
b005_0036,loco_iso834,42,0.010541961085600932,0.01839423179626465
b005_0037,loco_iso834,42,0.006583534425399343,0.02970030903816223
b005_0038,loco_iso834,42,0.007511717313137211,0.050495445728302
b005_0039,loco_iso834,42,0.00777265337891266,0.03684574365615845
b005_0040,loco_iso834,42,0.004922010798434742,0.0225258469581604
b005_0042,loco_iso834,42,0.00836192718783363,0.027341902256011963
b005_0043,loco_iso834,42,0.010911905374683317,0.039444684982299805
b005_0044,loco_iso834,42,0.007790288353552584,0.020246446132659912
b005_0045,loco_iso834,42,0.006181873625419179,0.024452954530715942
b005_0046,loco_iso834,42,0.008497140324506604,0.026940912008285522
b005_0047,loco_iso834,42,0.006538086005898773,0.027426481246948242
b005_0048,loco_iso834,42,0.007016046552873048,0.028223246335983276
b005_0049,loco_iso834,42,0.010774935244536791,0.046170592308044434
b005_0050,loco_iso834,42,0.012156468984044965,0.02342599630355835
b005_0051,loco_iso834,42,0.009119879026881984,0.0331689715385437
b005_0053,loco_iso834,42,0.008447972416389183,0.029568761587142944
b005_0055,loco_iso834,42,0.015519166884363675,0.024634242057800293
b005_0056,loco_iso834,42,0.008834029807419073,0.019780516624450684
b005_0058,loco_iso834,42,0.007388479030523144,0.021569252014160156
b005_0059,loco_iso834,42,0.011368554329774419,0.042523205280303955
b005_0060,loco_iso834,42,0.008437640720703563,0.03911310434341431
b005_0062,loco_iso834,42,0.009877870195224637,0.03930306434631348
b005_0063,loco_iso834,42,0.005736028500756279,0.024661540985107422
b005_0065,loco_iso834,42,0.012376759079147558,0.030270397663116455
b005_0066,loco_iso834,42,0.009169403463602066,0.024335265159606934
b005_0067,loco_iso834,42,0.007357576892512744,0.011006355285644531
b005_0068,loco_iso834,42,0.005876062040934797,0.03349161148071289
b005_0069,loco_iso834,42,0.007646260813611453,0.025200247764587402
b005_0070,loco_iso834,42,0.01615039094305429,0.0050123631954193115
b004_0000,loco_iso834,43,0.011654890157648774,0.027568399906158447
b004_0001,loco_iso834,43,0.007897036730266009,0.012730464339256287
b004_0002,loco_iso834,43,0.0062332710281747285,0.043150246143341064
b004_0003,loco_iso834,43,0.007690109740026662,0.022601723670959473
b004_0004,loco_iso834,43,0.008068545187105898,0.026582777500152588
b004_0005,loco_iso834,43,0.0146263024968202,0.020456552505493164
b004_0006,loco_iso834,43,0.00911728347666928,0.009267032146453857
b004_0007,loco_iso834,43,0.007048663667968062,0.026722729206085205
b004_0008,loco_iso834,43,0.005822630935027951,0.015345275402069092
b004_0009,loco_iso834,43,0.007977679616115133,0.03756260871887207
b004_0010,loco_iso834,43,0.006760487974178595,0.01655977964401245
b004_0011,loco_iso834,43,0.012259401075664113,0.04857325553894043
b004_0012,loco_iso834,43,0.004674594238644741,0.024730026721954346
b004_0013,loco_iso834,43,0.012435323635085684,0.005748569965362549
b004_0014,loco_iso834,43,0.007492075200940742,0.0063942670822143555
b004_0015,loco_iso834,43,0.01043531756664886,0.021948516368865967
b004_0017,loco_iso834,43,0.007736833735567624,0.03160381317138672
b004_0018,loco_iso834,43,0.005264767002863962,0.015141308307647705
b004_0019,loco_iso834,43,0.01394747765582116,0.06534093618392944
b004_0020,loco_iso834,43,0.0060606562211865285,0.011914283037185669
b004_0021,loco_iso834,43,0.006251603059592794,0.026219487190246582
b004_0022,loco_iso834,43,0.005547310485214484,0.0184190571308136
b004_0023,loco_iso834,43,0.013279597595578334,0.010574102401733398
b004_0024,loco_iso834,43,0.00684195726377065,0.02575632929801941
b004_0025,loco_iso834,43,0.009688825453402565,0.009627684950828552
b004_0026,loco_iso834,43,0.0067844097120840045,0.01696169376373291
b004_0027,loco_iso834,43,0.011431556683583338,0.030198872089385986
b004_0028,loco_iso834,43,0.0064537549605135055,0.012982964515686035
b004_0029,loco_iso834,43,0.006144509208006937,0.014556705951690674
b004_0030,loco_iso834,43,0.006158762901532846,0.01932811737060547
b004_0031,loco_iso834,43,0.008484654006410818,0.020405709743499756
b004_0032,loco_iso834,43,0.006845192342508035,0.01688443124294281
b004_0033,loco_iso834,43,0.010910896431715762,0.02186518907546997
b004_0034,loco_iso834,43,0.006636243008199285,0.01580430567264557
b004_0035,loco_iso834,43,0.004814354672295148,0.009345561265945435
b004_0036,loco_iso834,43,0.006884200895418887,0.020615577697753906
b004_0037,loco_iso834,43,0.00813864360823006,0.02761361002922058
b004_0038,loco_iso834,43,0.009066590214850472,0.03582054376602173
b004_0039,loco_iso834,43,0.008072795621195778,0.02500176429748535
b004_0040,loco_iso834,43,0.008599174010460495,0.02258390188217163
b004_0041,loco_iso834,43,0.015568867997556437,0.018105030059814453
b004_0042,loco_iso834,43,0.007573916530999981,0.018029451370239258
b004_0043,loco_iso834,43,0.006722155530921748,0.022340744733810425
b004_0044,loco_iso834,43,0.006390143918697951,0.028562307357788086
b004_0045,loco_iso834,43,0.007133956204672329,0.024366825819015503
b004_0046,loco_iso834,43,0.006599863166691827,0.017977416515350342
b004_0047,loco_iso834,43,0.010365180488004059,0.04618960618972778
b004_0048,loco_iso834,43,0.004658337499274582,0.010962873697280884
b004_0049,loco_iso834,43,0.006950077646579899,0.021564841270446777
b004_0050,loco_iso834,43,0.005028942752568448,0.015657484531402588
b004_0051,loco_iso834,43,0.008390169651781926,0.01814451813697815
b004_0052,loco_iso834,43,0.010475341658123204,0.020163625478744507
b004_0053,loco_iso834,43,0.004981723232347457,0.018368661403656006
b004_0054,loco_iso834,43,0.008768212477691838,0.023447930812835693
b004_0055,loco_iso834,43,0.006453279894394952,0.023618489503860474
b004_0056,loco_iso834,43,0.006874037509570356,0.00810346007347107
b004_0057,loco_iso834,43,0.006861827901152313,0.021793484687805176
b004_0058,loco_iso834,43,0.009757481515407562,0.015756607055664062
b004_0059,loco_iso834,43,0.007650540133968728,0.018581092357635498
b004_0060,loco_iso834,43,0.006886936968467275,0.026637494564056396
b004_0061,loco_iso834,43,0.006817538779778558,0.038895249366760254
b004_0062,loco_iso834,43,0.006262176410585153,0.021311894059181213
b004_0063,loco_iso834,43,0.0076706383804805945,0.026323556900024414
b004_0064,loco_iso834,43,0.006576649478224457,0.019237995147705078
b004_0065,loco_iso834,43,0.00696523518103068,0.03342732787132263
b004_0066,loco_iso834,43,0.010333390998058632,0.03667464852333069
b004_0067,loco_iso834,43,0.009364646966340111,0.026594161987304688
b004_0068,loco_iso834,43,0.008858046998254588,0.032094478607177734
b004_0069,loco_iso834,43,0.007266268744820454,0.027372777462005615
b004_0070,loco_iso834,43,0.006233660656897748,0.026943981647491455
b004_0071,loco_iso834,43,0.008383410204140867,0.028526276350021362
b004_0072,loco_iso834,43,0.009339544922113419,0.027481555938720703
b004_0073,loco_iso834,43,0.007736576873748029,0.03719431161880493
b004_0074,loco_iso834,43,0.008958714907286598,0.023113012313842773
b004_0075,loco_iso834,43,0.005829602357794027,0.017071068286895752
b004_0076,loco_iso834,43,0.004873892933618827,0.01348179578781128
b004_0077,loco_iso834,43,0.008105378597974777,0.032928138971328735
b004_0078,loco_iso834,43,0.01057225905480932,0.007726311683654785
b004_0079,loco_iso834,43,0.007606868983292189,0.026114806532859802
b004_0080,loco_iso834,43,0.0055403673380124766,0.023423314094543457
b004_0081,loco_iso834,43,0.006695273775057715,0.034091293811798096
b004_0082,loco_iso834,43,0.014327765366093058,0.007235974073410034
b004_0084,loco_iso834,43,0.005472050643846637,0.012365225702524185
b004_0086,loco_iso834,43,0.003663319544714005,0.023167669773101807
b004_0087,loco_iso834,43,0.007165151724561316,0.03360670804977417
b004_0088,loco_iso834,43,0.00704889536881056,0.023152709007263184
b004_0089,loco_iso834,43,0.00882575526589253,0.013822853565216064
b004_0090,loco_iso834,43,0.010463454012499481,0.04104578495025635
b004_0091,loco_iso834,43,0.006768937543278835,0.016981065273284912
b004_0092,loco_iso834,43,0.005486477838187921,0.0288027822971344
b004_0093,loco_iso834,43,0.00573498541947271,0.01867353916168213
b004_0094,loco_iso834,43,0.008153084848747879,0.011789411306381226
b004_0095,loco_iso834,43,0.010364890403923441,0.010164052248001099
b004_0096,loco_iso834,43,0.007555553536923205,0.026074916124343872
b004_0097,loco_iso834,43,0.008165113505769948,0.031778037548065186
b004_0098,loco_iso834,43,0.005613368065630803,0.0120125412940979
b004_0099,loco_iso834,43,0.008328334168821085,0.01702350378036499
b005_0000,loco_iso834,43,0.005171978204953866,0.025072187185287476
b005_0001,loco_iso834,43,0.008536873537986005,0.030093759298324585
b005_0002,loco_iso834,43,0.01182765409838958,0.02610713243484497
b005_0003,loco_iso834,43,0.00543606488919649,0.021532952785491943
b005_0004,loco_iso834,43,0.004786861358118839,0.02308070659637451
b005_0005,loco_iso834,43,0.0077882842084423445,0.024689912796020508
b005_0006,loco_iso834,43,0.006632240947152748,0.01885402202606201
b005_0007,loco_iso834,43,0.006279558859399108,0.03249216079711914
b005_0008,loco_iso834,43,0.007139051607886299,0.022867023944854736
b005_0010,loco_iso834,43,0.014311366577128896,0.03474164009094238
b005_0011,loco_iso834,43,0.0077727345413849,0.04704570770263672
b005_0013,loco_iso834,43,0.0069584760387412835,0.02572697401046753
b005_0014,loco_iso834,43,0.006071555015982174,0.02880561351776123
b005_0015,loco_iso834,43,0.007863037471399933,0.01061701774597168
b005_0016,loco_iso834,43,0.011577086797991737,0.03341633081436157
b005_0017,loco_iso834,43,0.007383822173368735,0.026755869388580322
b005_0018,loco_iso834,43,0.017853237810682078,0.039470791816711426
b005_0019,loco_iso834,43,0.016268730896418213,0.05002868175506592
b005_0020,loco_iso834,43,0.005970207577357526,0.02480340003967285
b005_0021,loco_iso834,43,0.0060572699933755594,0.007719159126281738
b005_0022,loco_iso834,43,0.014065973827096283,0.044363319873809814
b005_0023,loco_iso834,43,0.008779256680949789,0.035695433616638184
b005_0025,loco_iso834,43,0.007609403341031465,0.013702183961868286
b005_0026,loco_iso834,43,0.009762787366988228,0.03863728046417236
b005_0027,loco_iso834,43,0.006874552759967866,0.02717861533164978
b005_0028,loco_iso834,43,0.008801979669293419,0.028917431831359863
b005_0029,loco_iso834,43,0.0050741919606435495,0.010185599327087402
b005_0031,loco_iso834,43,0.005524957705228055,0.020668745040893555
b005_0032,loco_iso834,43,0.00644237364901871,0.02299320697784424
b005_0033,loco_iso834,43,0.008794729460458287,0.02634570002555847
b005_0034,loco_iso834,43,0.010889981247362544,0.004853993654251099
b005_0035,loco_iso834,43,0.006962593400576075,0.009110569953918457
b005_0036,loco_iso834,43,0.00884467564889642,0.012877345085144043
b005_0037,loco_iso834,43,0.006564283835106209,0.02523714303970337
b005_0038,loco_iso834,43,0.006728765417317875,0.04342544078826904
b005_0039,loco_iso834,43,0.0063702939841590945,0.03501027822494507
b005_0040,loco_iso834,43,0.008036236355050665,0.025079622864723206
b005_0042,loco_iso834,43,0.007062158012976412,0.02247197926044464
b005_0043,loco_iso834,43,0.010574208053409076,0.035864412784576416
b005_0044,loco_iso834,43,0.008941589442432904,0.014020353555679321
b005_0045,loco_iso834,43,0.006726358146941076,0.013311237096786499
b005_0046,loco_iso834,43,0.009978144750243327,0.021592989563941956
b005_0047,loco_iso834,43,0.006195650970349546,0.023035168647766113
b005_0048,loco_iso834,43,0.007606663664833444,0.016786664724349976
b005_0049,loco_iso834,43,0.01223819739505893,0.019073307514190674
b005_0050,loco_iso834,43,0.011786276505130236,0.02335876226425171
b005_0051,loco_iso834,43,0.007439960282845575,0.026173412799835205
b005_0053,loco_iso834,43,0.006395469923488429,0.028033733367919922
b005_0055,loco_iso834,43,0.016377929903444697,0.026510179042816162
b005_0056,loco_iso834,43,0.008393647485092038,0.02164137363433838
b005_0058,loco_iso834,43,0.008725432465310956,0.010956048965454102
b005_0059,loco_iso834,43,0.009574973803074633,0.03727436065673828
b005_0060,loco_iso834,43,0.008277661793056081,0.027410924434661865
b005_0062,loco_iso834,43,0.008862673686664612,0.03111928701400757
b005_0063,loco_iso834,43,0.006343646494091534,0.02612924575805664
b005_0065,loco_iso834,43,0.010819056605706449,0.014194369316101074
b005_0066,loco_iso834,43,0.006978381364071955,0.022025585174560547
b005_0067,loco_iso834,43,0.005751968590451069,0.009019434452056885
b005_0068,loco_iso834,43,0.007203252344835,0.05336731672286987
b005_0069,loco_iso834,43,0.007995067378048037,0.02154536545276642
b005_0070,loco_iso834,43,0.0100733683612503,0.006845995783805847
b004_0000,loco_iso834,44,0.012381761716526062,0.026043027639389038
b004_0001,loco_iso834,44,0.007858425378799438,0.022215604782104492
b004_0002,loco_iso834,44,0.005628232096062332,0.04517549276351929
b004_0003,loco_iso834,44,0.0070739177162529995,0.030627727508544922
b004_0004,loco_iso834,44,0.009258637052090441,0.029649674892425537
b004_0005,loco_iso834,44,0.01498263378123768,0.020129263401031494
b004_0006,loco_iso834,44,0.009194030014217877,0.016702473163604736
b004_0007,loco_iso834,44,0.007484884535680051,0.028555989265441895
b004_0008,loco_iso834,44,0.005991766687299385,0.015926063060760498
b004_0009,loco_iso834,44,0.00588577106350758,0.04015946388244629
b004_0010,loco_iso834,44,0.005613844108874681,0.021513283252716064
b004_0011,loco_iso834,44,0.012687856606284126,0.04969722032546997
b004_0012,loco_iso834,44,0.005980914000604973,0.04180365800857544
b004_0013,loco_iso834,44,0.009210589540297867,0.019614815711975098
b004_0014,loco_iso834,44,0.007883578599964986,0.02269846200942993
b004_0015,loco_iso834,44,0.009271420721636444,0.028563737869262695
b004_0017,loco_iso834,44,0.010816564569707776,0.06262373924255371
b004_0018,loco_iso834,44,0.006316658170496831,0.02376234531402588
b004_0019,loco_iso834,44,0.012577065801034208,0.0556797981262207
b004_0020,loco_iso834,44,0.0057144081983409945,0.019464850425720215
b004_0021,loco_iso834,44,0.0044106732382149,0.02111130952835083
b004_0022,loco_iso834,44,0.007232911945855031,0.013823390007019043
b004_0023,loco_iso834,44,0.009144031244223236,0.02758777141571045
b004_0024,loco_iso834,44,0.00817837150859051,0.028464525938034058
b004_0025,loco_iso834,44,0.007292502788735218,0.009059160947799683
b004_0026,loco_iso834,44,0.0072357505559921265,0.025132954120635986
b004_0027,loco_iso834,44,0.009711663864675115,0.040963053703308105
b004_0028,loco_iso834,44,0.006374460324400761,0.012075483798980713
b004_0029,loco_iso834,44,0.006079090056849308,0.019232332706451416
b004_0030,loco_iso834,44,0.006118046822117977,0.02494397759437561
b004_0031,loco_iso834,44,0.008756783287056157,0.019172638654708862
b004_0032,loco_iso834,44,0.005646197155850833,0.016124144196510315
b004_0033,loco_iso834,44,0.009940699292499511,0.0255507230758667
b004_0034,loco_iso834,44,0.0077568917367302,0.015622809529304504
b004_0035,loco_iso834,44,0.009270070456579084,0.03157949447631836
b004_0036,loco_iso834,44,0.005745878534727409,0.018813103437423706
b004_0037,loco_iso834,44,0.013186613677955065,0.03986978530883789
b004_0038,loco_iso834,44,0.011358378546648338,0.04171907901763916
b004_0039,loco_iso834,44,0.009169316926940542,0.02383178472518921
b004_0040,loco_iso834,44,0.009137807139119164,0.05565088987350464
b004_0041,loco_iso834,44,0.00918187182702002,0.020367145538330078
b004_0042,loco_iso834,44,0.0065133057412554,0.021894991397857666
b004_0043,loco_iso834,44,0.005422613476632071,0.016911208629608154
b004_0044,loco_iso834,44,0.007797581372690983,0.03337901830673218
b004_0045,loco_iso834,44,0.007964629069214961,0.02561187744140625
b004_0046,loco_iso834,44,0.008332980216526594,0.034928321838378906
b004_0047,loco_iso834,44,0.009787320663205912,0.040449440479278564
b004_0048,loco_iso834,44,0.004921476738374742,0.015032202005386353
b004_0049,loco_iso834,44,0.004290672721432858,0.03711289167404175
b004_0050,loco_iso834,44,0.008005656607326914,0.038148701190948486
b004_0051,loco_iso834,44,0.007688031944095112,0.021605342626571655
b004_0052,loco_iso834,44,0.008147946390949313,0.019169628620147705
b004_0053,loco_iso834,44,0.006743929547364595,0.02386695146560669
b004_0054,loco_iso834,44,0.005981030400659218,0.0333254337310791
b004_0055,loco_iso834,44,0.007099215002333532,0.03004118800163269
b004_0056,loco_iso834,44,0.006807341988458008,0.017654716968536377
b004_0057,loco_iso834,44,0.00810981529657958,0.021596193313598633
b004_0058,loco_iso834,44,0.009942413170318135,0.0210113525390625
b004_0059,loco_iso834,44,0.01550363004207611,0.0395510196685791
b004_0060,loco_iso834,44,0.006905203776769951,0.02201133966445923
b004_0061,loco_iso834,44,0.00709776873471307,0.04875367879867554
b004_0062,loco_iso834,44,0.0064030690271346296,0.029363512992858887
b004_0063,loco_iso834,44,0.008742108696796855,0.04037696123123169
b004_0064,loco_iso834,44,0.005749036237353184,0.029988110065460205
b004_0065,loco_iso834,44,0.010078108579408928,0.03964632749557495
b004_0066,loco_iso834,44,0.008969577182023252,0.03623092174530029
b004_0067,loco_iso834,44,0.013443505055591708,0.03944963216781616
b004_0068,loco_iso834,44,0.008425955645373611,0.03220868110656738
b004_0069,loco_iso834,44,0.008321997572164067,0.040670573711395264
b004_0070,loco_iso834,44,0.010049620673793261,0.027932047843933105
b004_0071,loco_iso834,44,0.006624966554465841,0.029649823904037476
b004_0072,loco_iso834,44,0.010590589803750397,0.03088289499282837
b004_0073,loco_iso834,44,0.007790990479168345,0.04350399971008301
b004_0074,loco_iso834,44,0.013592791056535283,0.02711021900177002
b004_0075,loco_iso834,44,0.005799539875788766,0.021998286247253418
b004_0076,loco_iso834,44,0.0044604587506075375,0.02871793508529663
b004_0077,loco_iso834,44,0.007873942556439853,0.038673847913742065
b004_0078,loco_iso834,44,0.011697365062647179,0.011188745498657227
b004_0079,loco_iso834,44,0.007702212780714035,0.024313896894454956
b004_0080,loco_iso834,44,0.006314405774483915,0.016327202320098877
b004_0081,loco_iso834,44,0.005337538961015764,0.02296125888824463
b004_0082,loco_iso834,44,0.013692280613496656,0.009008824825286865
b004_0084,loco_iso834,44,0.006464586944365111,0.018151462078094482
b004_0086,loco_iso834,44,0.005267619964529256,0.044998347759246826
b004_0087,loco_iso834,44,0.010875845602789863,0.026150643825531006
b004_0088,loco_iso834,44,0.008226492671204394,0.03365546464920044
b004_0089,loco_iso834,44,0.012213359174669767,0.02195960283279419
b004_0090,loco_iso834,44,0.008015362942805056,0.02745872735977173
b004_0091,loco_iso834,44,0.0070284828543663025,0.015339195728302002
b004_0092,loco_iso834,44,0.005685974462110488,0.025076478719711304
b004_0093,loco_iso834,44,0.005593112990504406,0.020777851343154907
b004_0094,loco_iso834,44,0.006542917402064214,0.01732766628265381
b004_0095,loco_iso834,44,0.01081061986137609,0.008872896432876587
b004_0096,loco_iso834,44,0.007474474303546499,0.030754655599594116
b004_0097,loco_iso834,44,0.008857171371823451,0.0324559211730957
b004_0098,loco_iso834,44,0.006029107348352182,0.02583634853363037
b004_0099,loco_iso834,44,0.006134965930317269,0.019263803958892822
b005_0000,loco_iso834,44,0.005208002067491656,0.02456289529800415
b005_0001,loco_iso834,44,0.009575731808044871,0.02438896894454956
b005_0002,loco_iso834,44,0.011692382944900482,0.024692237377166748
b005_0003,loco_iso834,44,0.005478102652752986,0.01392221450805664
b005_0004,loco_iso834,44,0.008041457074587463,0.041528284549713135
b005_0005,loco_iso834,44,0.009370265803376182,0.03010118007659912
b005_0006,loco_iso834,44,0.0093622516046782,0.02047640085220337
b005_0007,loco_iso834,44,0.005142121163548016,0.04411613941192627
b005_0008,loco_iso834,44,0.008429738036433205,0.027119338512420654
b005_0010,loco_iso834,44,0.013693600648739299,0.03033691644668579
b005_0011,loco_iso834,44,0.010393395958865275,0.05635881423950195
b005_0013,loco_iso834,44,0.008252094942526739,0.025226712226867676
b005_0014,loco_iso834,44,0.005940753355866573,0.026054024696350098
b005_0015,loco_iso834,44,0.006998312583223718,0.013855695724487305
b005_0016,loco_iso834,44,0.006135570343400612,0.01733630895614624
b005_0017,loco_iso834,44,0.007314380075110764,0.03169715404510498
b005_0018,loco_iso834,44,0.01035817669796162,0.03973466157913208
b005_0019,loco_iso834,44,0.015799782742730906,0.04332250356674194
b005_0020,loco_iso834,44,0.008579113444343943,0.037427663803100586
b005_0021,loco_iso834,44,0.005495841752310268,0.013208389282226562
b005_0022,loco_iso834,44,0.009727935016643806,0.02748781442642212
b005_0023,loco_iso834,44,0.008979990467673442,0.03522181510925293
b005_0025,loco_iso834,44,0.006274222900144389,0.0217706561088562
b005_0026,loco_iso834,44,0.006784389864225857,0.039882540702819824
b005_0027,loco_iso834,44,0.006487782311732652,0.026574373245239258
b005_0028,loco_iso834,44,0.011588615411129153,0.018399417400360107
b005_0029,loco_iso834,44,0.006128193718976662,0.013515055179595947
b005_0031,loco_iso834,44,0.005881191582464781,0.023665308952331543
b005_0032,loco_iso834,44,0.006268341704958775,0.022671937942504883
b005_0033,loco_iso834,44,0.010174166105809759,0.024757981300354004
b005_0034,loco_iso834,44,0.009987349942570826,0.012025147676467896
b005_0035,loco_iso834,44,0.006036397375044276,0.01994234323501587
b005_0036,loco_iso834,44,0.0066120335679562365,0.012340962886810303
b005_0037,loco_iso834,44,0.0066693979086445985,0.024320557713508606
b005_0038,loco_iso834,44,0.006343900729886821,0.041990041732788086
b005_0039,loco_iso834,44,0.0060044800038220455,0.025873661041259766
b005_0040,loco_iso834,44,0.009128761340360173,0.031061992049217224
b005_0042,loco_iso834,44,0.00699651015342259,0.023537397384643555
b005_0043,loco_iso834,44,0.009684448664794202,0.0367504358291626
b005_0044,loco_iso834,44,0.008010811248763662,0.023835718631744385
b005_0045,loco_iso834,44,0.006348326130480063,0.012328371405601501
b005_0046,loco_iso834,44,0.008318458057817866,0.02284349501132965
b005_0047,loco_iso834,44,0.007290986473443078,0.02705281972885132
b005_0048,loco_iso834,44,0.007083251950193624,0.021904021501541138
b005_0049,loco_iso834,44,0.0104690781626545,0.043452322483062744
b005_0050,loco_iso834,44,0.009888210013264516,0.02371162176132202
b005_0051,loco_iso834,44,0.007273829740579011,0.03217190504074097
b005_0053,loco_iso834,44,0.006221174644153627,0.02104702591896057
b005_0055,loco_iso834,44,0.016231300706257584,0.02528071403503418
b005_0056,loco_iso834,44,0.004972621432093323,0.02091526985168457
b005_0058,loco_iso834,44,0.007382660737780274,0.012784838676452637
b005_0059,loco_iso834,44,0.014229958174658603,0.048438429832458496
b005_0060,loco_iso834,44,0.010906096120349696,0.04147803783416748
b005_0062,loco_iso834,44,0.006324332329581996,0.026334524154663086
b005_0063,loco_iso834,44,0.00574958965670867,0.024943530559539795
b005_0065,loco_iso834,44,0.012709558071171651,0.021215379238128662
b005_0066,loco_iso834,44,0.006722001389401858,0.023143470287322998
b005_0067,loco_iso834,44,0.0062670694877866836,0.008615970611572266
b005_0068,loco_iso834,44,0.005863990634679794,0.03436923027038574
b005_0069,loco_iso834,44,0.006811271620089891,0.021191537380218506
b005_0070,loco_iso834,44,0.01214355566218251,0.010829269886016846
b004_0000,loco_iso834,45,0.013566558295097507,0.029734432697296143
b004_0001,loco_iso834,45,0.00801969441722651,0.02049785852432251
b004_0002,loco_iso834,45,0.006680043872262611,0.04848378896713257
b004_0003,loco_iso834,45,0.009583245718576869,0.03523761034011841
b004_0004,loco_iso834,45,0.008678797815666824,0.02463299036026001
b004_0005,loco_iso834,45,0.010553100375366992,0.019245684146881104
b004_0006,loco_iso834,45,0.007136981445746344,0.01197659969329834
b004_0007,loco_iso834,45,0.009324716739967221,0.026948630809783936
b004_0008,loco_iso834,45,0.005426393852370684,0.01884669065475464
b004_0009,loco_iso834,45,0.007066413454833578,0.04344594478607178
b004_0010,loco_iso834,45,0.005374007476646392,0.018542587757110596
b004_0011,loco_iso834,45,0.007425940427623811,0.043068885803222656
b004_0012,loco_iso834,45,0.005167437015009708,0.029522418975830078
b004_0013,loco_iso834,45,0.006778107314813333,0.014529407024383545
b004_0014,loco_iso834,45,0.006011891560476335,0.019134819507598877
b004_0015,loco_iso834,45,0.007869492544502508,0.02801758050918579
b004_0017,loco_iso834,45,0.010341449472747866,0.0518040657043457
b004_0018,loco_iso834,45,0.005345051589070774,0.02017289400100708
b004_0019,loco_iso834,45,0.014452660425764615,0.055913329124450684
b004_0020,loco_iso834,45,0.0057171231410542474,0.01727163791656494
b004_0021,loco_iso834,45,0.005805090069770813,0.0238988995552063
b004_0022,loco_iso834,45,0.005232901236072915,0.02097073197364807
b004_0023,loco_iso834,45,0.0055296932209710605,0.02004966139793396
b004_0024,loco_iso834,45,0.007033511568776896,0.027255713939666748
b004_0025,loco_iso834,45,0.008387715723670896,0.008233428001403809
b004_0026,loco_iso834,45,0.0069633151908389855,0.024099409580230713
b004_0027,loco_iso834,45,0.008435597918072685,0.03201085329055786
b004_0028,loco_iso834,45,0.005349794677535042,0.01738184690475464
b004_0029,loco_iso834,45,0.006147826426341886,0.025938868522644043
b004_0030,loco_iso834,45,0.005697604696281621,0.02088344097137451
b004_0031,loco_iso834,45,0.008228622254778127,0.020285308361053467
b004_0032,loco_iso834,45,0.006278060437714467,0.015604972839355469
b004_0033,loco_iso834,45,0.009472235121199341,0.02501705288887024
b004_0034,loco_iso834,45,0.006838396435878316,0.020287230610847473
b004_0035,loco_iso834,45,0.010080927585969205,0.020870327949523926
b004_0036,loco_iso834,45,0.006441882460332307,0.020610153675079346
b004_0037,loco_iso834,45,0.009771355656815356,0.037824541330337524
b004_0038,loco_iso834,45,0.010249384968984322,0.03745543956756592
b004_0039,loco_iso834,45,0.007250159062811586,0.024942725896835327
b004_0040,loco_iso834,45,0.0131179080879102,0.04759550094604492
b004_0041,loco_iso834,45,0.01292861503411512,0.014064967632293701
b004_0042,loco_iso834,45,0.005674481819399068,0.023251593112945557
b004_0043,loco_iso834,45,0.0068025099815892396,0.022072046995162964
b004_0044,loco_iso834,45,0.006109537831583961,0.030944541096687317
b004_0045,loco_iso834,45,0.007811304914658187,0.03301951289176941
b004_0046,loco_iso834,45,0.008094331768692517,0.035096943378448486
b004_0047,loco_iso834,45,0.009545784810038864,0.042321979999542236
b004_0048,loco_iso834,45,0.00499128629682494,0.009919583797454834
b004_0049,loco_iso834,45,0.007641146356453661,0.024007856845855713
b004_0050,loco_iso834,45,0.006221959764351611,0.037725090980529785
b004_0051,loco_iso834,45,0.008090316638594768,0.014398843050003052
b004_0052,loco_iso834,45,0.012057218089944026,0.027852579951286316
b004_0053,loco_iso834,45,0.007723943681501952,0.026905417442321777
b004_0054,loco_iso834,45,0.007342806666112337,0.031930625438690186
b004_0055,loco_iso834,45,0.006846403122925368,0.029226064682006836
b004_0056,loco_iso834,45,0.0053532700680318426,0.018983542919158936
b004_0057,loco_iso834,45,0.007308889241492162,0.0224609375
b004_0058,loco_iso834,45,0.00815376553867684,0.026366323232650757
b004_0059,loco_iso834,45,0.01132243700691911,0.03519362211227417
b004_0060,loco_iso834,45,0.0067770087205972825,0.026109278202056885
b004_0061,loco_iso834,45,0.008566373195804533,0.04824042320251465
b004_0062,loco_iso834,45,0.0069253064203457755,0.01935054361820221
b004_0063,loco_iso834,45,0.008082581775598839,0.03112417459487915
b004_0064,loco_iso834,45,0.005824850658412839,0.01660454273223877
b004_0065,loco_iso834,45,0.00941221361033252,0.039441317319869995
b004_0066,loco_iso834,45,0.00938680737477834,0.03555285930633545
b004_0067,loco_iso834,45,0.013477622119129682,0.03757566213607788
b004_0068,loco_iso834,45,0.007687956461163818,0.030094444751739502
b004_0069,loco_iso834,45,0.008304130530259649,0.036579132080078125
b004_0070,loco_iso834,45,0.007153699327199186,0.02759319543838501
b004_0071,loco_iso834,45,0.0076844595128395515,0.030690401792526245
b004_0072,loco_iso834,45,0.00922401957824582,0.03689450025558472
b004_0073,loco_iso834,45,0.006804469056793901,0.033994317054748535
b004_0074,loco_iso834,45,0.008843811381547178,0.017100036144256592
b004_0075,loco_iso834,45,0.005058901964641008,0.016963481903076172
b004_0076,loco_iso834,45,0.005009105093166476,0.030136585235595703
b004_0077,loco_iso834,45,0.008889067307358882,0.040817826986312866
b004_0078,loco_iso834,45,0.006433494327986827,0.015197992324829102
b004_0079,loco_iso834,45,0.007232228629901761,0.022922754287719727
b004_0080,loco_iso834,45,0.005195292842681291,0.010904461145401001
b004_0081,loco_iso834,45,0.0057166331737745005,0.02443234622478485
b004_0082,loco_iso834,45,0.011628896791915425,0.013148248195648193
b004_0084,loco_iso834,45,0.005363228074351295,0.016739964485168457
b004_0086,loco_iso834,45,0.004930016752637801,0.039317309856414795
b004_0087,loco_iso834,45,0.005719704217598086,0.030841588973999023
b004_0088,loco_iso834,45,0.008223290265095039,0.03615671396255493
b004_0089,loco_iso834,45,0.007075090144501358,0.020583927631378174
b004_0090,loco_iso834,45,0.008033530145394997,0.03478550910949707
b004_0091,loco_iso834,45,0.0076404562616934546,0.025532543659210205
b004_0092,loco_iso834,45,0.006271689702741435,0.02970147132873535
b004_0093,loco_iso834,45,0.005529131434979986,0.03550064563751221
b004_0094,loco_iso834,45,0.006243174987249687,0.018005341291427612
b004_0095,loco_iso834,45,0.008456170742140442,0.013881295919418335
b004_0096,loco_iso834,45,0.009219783129262143,0.03950166702270508
b004_0097,loco_iso834,45,0.008608798755974065,0.03421425819396973
b004_0098,loco_iso834,45,0.005427288654886308,0.028230607509613037
b004_0099,loco_iso834,45,0.0058934455279444084,0.017137348651885986
b005_0000,loco_iso834,45,0.008731275980101257,0.03555780649185181
b005_0001,loco_iso834,45,0.012249934563382726,0.042085230350494385
b005_0002,loco_iso834,45,0.0103908187297524,0.02682971954345703
b005_0003,loco_iso834,45,0.008723781673146075,0.02265039086341858
b005_0004,loco_iso834,45,0.011423123908824608,0.03857588768005371
b005_0005,loco_iso834,45,0.007943319004090106,0.024124860763549805
b005_0006,loco_iso834,45,0.006321367303856084,0.02407151460647583
b005_0007,loco_iso834,45,0.005581811192582865,0.03520774841308594
b005_0008,loco_iso834,45,0.008135852388671188,0.02354663610458374
b005_0010,loco_iso834,45,0.011346055347411359,0.02561509609222412
b005_0011,loco_iso834,45,0.006580569582884429,0.04840958118438721
b005_0013,loco_iso834,45,0.00850835955533825,0.02729630470275879
b005_0014,loco_iso834,45,0.008044029418073717,0.0361788272857666
b005_0015,loco_iso834,45,0.006133030061839057,0.019172966480255127
b005_0016,loco_iso834,45,0.007943025927563182,0.020352542400360107
b005_0017,loco_iso834,45,0.00930550291401441,0.040442824363708496
b005_0018,loco_iso834,45,0.015312939332645447,0.04108652472496033
b005_0019,loco_iso834,45,0.023231115070034246,0.04362115263938904
b005_0020,loco_iso834,45,0.0062898555007137235,0.03232854604721069
b005_0021,loco_iso834,45,0.004567225326280125,0.017436593770980835
b005_0022,loco_iso834,45,0.014243065822319906,0.028488442301750183
b005_0023,loco_iso834,45,0.013581924201523671,0.028875350952148438
b005_0025,loco_iso834,45,0.006633583883770177,0.023240268230438232
b005_0026,loco_iso834,45,0.005219066179678088,0.039167165756225586
b005_0027,loco_iso834,45,0.005919762932863392,0.02464503049850464
b005_0028,loco_iso834,45,0.008011538779637853,0.02439361810684204
b005_0029,loco_iso834,45,0.006960797016737891,0.012738049030303955
b005_0031,loco_iso834,45,0.006569423697522429,0.015985846519470215
b005_0032,loco_iso834,45,0.006695092457239745,0.024055421352386475
b005_0033,loco_iso834,45,0.01154225777651443,0.0285244882106781
b005_0034,loco_iso834,45,0.010078839835573415,0.01351165771484375
b005_0035,loco_iso834,45,0.006572991670643697,0.010741174221038818
b005_0036,loco_iso834,45,0.0046991575203958105,0.015359163284301758
b005_0037,loco_iso834,45,0.007576139674323504,0.025873243808746338
b005_0038,loco_iso834,45,0.008189381084969787,0.038640379905700684
b005_0039,loco_iso834,45,0.007685975156358031,0.03263401985168457
b005_0040,loco_iso834,45,0.007105512269696251,0.028373941779136658
b005_0042,loco_iso834,45,0.006523219654794599,0.022803977131843567
b005_0043,loco_iso834,45,0.009255961072249491,0.0333179235458374
b005_0044,loco_iso834,45,0.007847649823935305,0.017033278942108154
b005_0045,loco_iso834,45,0.007247792587417071,0.013163954019546509
b005_0046,loco_iso834,45,0.009145801673169996,0.01626145839691162
b005_0047,loco_iso834,45,0.007540000572067792,0.020159363746643066
b005_0048,loco_iso834,45,0.005877878272631129,0.029564261436462402
b005_0049,loco_iso834,45,0.010275063456081953,0.03488892316818237
b005_0050,loco_iso834,45,0.007935813032701368,0.02492392063140869
b005_0051,loco_iso834,45,0.006109380514406767,0.02307218313217163
b005_0053,loco_iso834,45,0.006438951206500413,0.027141690254211426
b005_0055,loco_iso834,45,0.01434409337454155,0.027127742767333984
b005_0056,loco_iso834,45,0.007318686022133124,0.02252274751663208
b005_0058,loco_iso834,45,0.00641806136633529,0.015508726239204407
b005_0059,loco_iso834,45,0.010429080881056239,0.03530031442642212
b005_0060,loco_iso834,45,0.009626208209112043,0.037001609802246094
b005_0062,loco_iso834,45,0.006535883198996059,0.028236746788024902
b005_0063,loco_iso834,45,0.007194742682527323,0.026592016220092773
b005_0065,loco_iso834,45,0.011411327990840693,0.027618467807769775
b005_0066,loco_iso834,45,0.007727319160934354,0.02837306261062622
b005_0067,loco_iso834,45,0.0058406537673512445,0.00932455062866211
b005_0068,loco_iso834,45,0.005533006836156376,0.03397107124328613
b005_0069,loco_iso834,45,0.006766718064175278,0.02448105812072754
b005_0070,loco_iso834,45,0.01076180994754932,0.007669687271118164
b004_0000,loco_iso834,46,0.014211296302373291,0.031143605709075928
b004_0001,loco_iso834,46,0.007853313608736288,0.02606487274169922
b004_0002,loco_iso834,46,0.008007353568663363,0.042478203773498535
b004_0003,loco_iso834,46,0.00989563695964266,0.025753498077392578
b004_0004,loco_iso834,46,0.007858923773785106,0.026578426361083984
b004_0005,loco_iso834,46,0.014525059305253576,0.017287075519561768
b004_0006,loco_iso834,46,0.008138113639882354,0.013289332389831543
b004_0007,loco_iso834,46,0.008329735794028298,0.027315139770507812
b004_0008,loco_iso834,46,0.0055789996976735165,0.012579694390296936
b004_0009,loco_iso834,46,0.006292428271692308,0.02839285135269165
b004_0010,loco_iso834,46,0.005967177756008555,0.016840875148773193
b004_0011,loco_iso834,46,0.01138447652586171,0.04377138614654541
b004_0012,loco_iso834,46,0.004464803782642864,0.02836555242538452
b004_0013,loco_iso834,46,0.01038147331994088,0.007668673992156982
b004_0014,loco_iso834,46,0.005820854093696251,0.01816117763519287
b004_0015,loco_iso834,46,0.010066432725699221,0.023243099451065063
b004_0017,loco_iso834,46,0.009899129755184298,0.051472604274749756
b004_0018,loco_iso834,46,0.0063328448011249795,0.02620309591293335
b004_0019,loco_iso834,46,0.015329343373658226,0.04605895280838013
b004_0020,loco_iso834,46,0.009517955303680702,0.025469303131103516
b004_0021,loco_iso834,46,0.005495208147607866,0.02124655246734619
b004_0022,loco_iso834,46,0.00661444248723202,0.017924323678016663
b004_0023,loco_iso834,46,0.008899883168642639,0.011329174041748047
b004_0024,loco_iso834,46,0.0071067570052186,0.02186235785484314
b004_0025,loco_iso834,46,0.03158322599579076,0.0
b004_0026,loco_iso834,46,0.008411854322327942,0.024728544056415558
b004_0027,loco_iso834,46,0.010352756339507024,0.023124635219573975
b004_0028,loco_iso834,46,0.008249391481036046,0.01146206259727478
b004_0029,loco_iso834,46,0.006358064772164235,0.02212536334991455
b004_0030,loco_iso834,46,0.006208039392701915,0.020189762115478516
b004_0031,loco_iso834,46,0.00822326089026498,0.01985590159893036
b004_0032,loco_iso834,46,0.01085642651944864,0.008340597152709961
b004_0033,loco_iso834,46,0.009241779075294245,0.02073293924331665
b004_0034,loco_iso834,46,0.008801632911943998,0.010499492287635803
b004_0035,loco_iso834,46,0.007335754691577348,0.008644700050354004
b004_0036,loco_iso834,46,0.006004875556367343,0.018936961889266968
b004_0037,loco_iso834,46,0.011352413379755176,0.03534656763076782
b004_0038,loco_iso834,46,0.01054001507944748,0.038277387619018555
b004_0039,loco_iso834,46,0.008684161684063614,0.020260125398635864
b004_0040,loco_iso834,46,0.007314957311896027,0.04278057813644409
b004_0041,loco_iso834,46,0.010755954768325462,0.021071791648864746
b004_0042,loco_iso834,46,0.006834559936503895,0.016402781009674072
b004_0043,loco_iso834,46,0.006039385790707635,0.016012489795684814
b004_0044,loco_iso834,46,0.006736781387055506,0.026058807969093323
b004_0045,loco_iso834,46,0.007628850822077423,0.027850180864334106
b004_0046,loco_iso834,46,0.007963158190250397,0.0316731333732605
b004_0047,loco_iso834,46,0.009586608678591057,0.04042863845825195
b004_0048,loco_iso834,46,0.004731780498242769,0.01231604814529419
b004_0049,loco_iso834,46,0.005662482720418054,0.02455240488052368
b004_0050,loco_iso834,46,0.006480289287254458,0.03059554100036621
b004_0051,loco_iso834,46,0.009163191450423882,0.01211366057395935
b004_0052,loco_iso834,46,0.008958383906083028,0.017428115010261536
b004_0053,loco_iso834,46,0.006271440535783768,0.026619374752044678
b004_0054,loco_iso834,46,0.0051967356292927855,0.019332528114318848
b004_0055,loco_iso834,46,0.007900000778866595,0.018413931131362915
b004_0056,loco_iso834,46,0.008048163940672015,0.015231430530548096
b004_0057,loco_iso834,46,0.006659961259755932,0.023790419101715088
b004_0058,loco_iso834,46,0.009622298852830637,0.018419504165649414
b004_0059,loco_iso834,46,0.019276610224461945,0.03960806131362915
b004_0060,loco_iso834,46,0.007073350128580312,0.021617233753204346
b004_0061,loco_iso834,46,0.00730328805378226,0.04550051689147949
b004_0062,loco_iso834,46,0.005837468033442731,0.02508646249771118
b004_0063,loco_iso834,46,0.009182114764803746,0.03219103813171387
b004_0064,loco_iso834,46,0.00787961171543012,0.019199371337890625
b004_0065,loco_iso834,46,0.009594284242293874,0.03756910562515259
b004_0066,loco_iso834,46,0.009478428141504038,0.031782686710357666
b004_0067,loco_iso834,46,0.013675737942828507,0.034437596797943115
b004_0068,loco_iso834,46,0.009680986465489278,0.03517806529998779
b004_0069,loco_iso834,46,0.01005707424683649,0.029715120792388916
b004_0070,loco_iso834,46,0.006292189425620876,0.022007644176483154
b004_0071,loco_iso834,46,0.007578809852482843,0.03478443622589111
b004_0072,loco_iso834,46,0.011769571998080269,0.0401461124420166
b004_0073,loco_iso834,46,0.007966116498239705,0.03223174810409546
b004_0074,loco_iso834,46,0.01161421572820085,0.014558374881744385
b004_0075,loco_iso834,46,0.007077505598302747,0.01985985040664673
b004_0076,loco_iso834,46,0.004677066121433602,0.017388224601745605
b004_0077,loco_iso834,46,0.00820323244714346,0.03305238485336304
b004_0078,loco_iso834,46,0.0067238256823821145,0.017008483409881592
b004_0079,loco_iso834,46,0.01523455238488854,0.008689969778060913
b004_0080,loco_iso834,46,0.004570057829383944,0.012178361415863037
b004_0081,loco_iso834,46,0.005304932166806987,0.020528927445411682
b004_0082,loco_iso834,46,0.017926188216346207,0.0011748075485229492
b004_0084,loco_iso834,46,0.005809274242549646,0.01062619686126709
b004_0086,loco_iso834,46,0.004936899012718044,0.03463643789291382
b004_0087,loco_iso834,46,0.006204504397560338,0.02293097972869873
b004_0088,loco_iso834,46,0.007682947899963035,0.03143852949142456
b004_0089,loco_iso834,46,0.008402916618057938,0.011401951313018799
b004_0090,loco_iso834,46,0.008143590244113421,0.027915477752685547
b004_0091,loco_iso834,46,0.006864157306854842,0.015823692083358765
b004_0092,loco_iso834,46,0.005785699445204657,0.023907482624053955
b004_0093,loco_iso834,46,0.0055725061502613004,0.0220450758934021
b004_0094,loco_iso834,46,0.0058281438761070125,0.011017143726348877
b004_0095,loco_iso834,46,0.008975126337809641,0.01537659764289856
b004_0096,loco_iso834,46,0.008242910636253044,0.03445768356323242
b004_0097,loco_iso834,46,0.008902896745283096,0.029432594776153564
b004_0098,loco_iso834,46,0.005506737310378278,0.02840358018875122
b004_0099,loco_iso834,46,0.007217618041351194,0.01607498526573181
b005_0000,loco_iso834,46,0.005621202656480133,0.02675291895866394
b005_0001,loco_iso834,46,0.011312804383332611,0.026198536157608032
b005_0002,loco_iso834,46,0.011417920716473313,0.02731531858444214
b005_0003,loco_iso834,46,0.0065443259282190296,0.022075146436691284
b005_0004,loco_iso834,46,0.006179985330730188,0.038510143756866455
b005_0005,loco_iso834,46,0.009922104658650571,0.029502034187316895
b005_0006,loco_iso834,46,0.009916697124965856,0.020383179187774658
b005_0007,loco_iso834,46,0.0038500397664601687,0.027544021606445312
b005_0008,loco_iso834,46,0.007862841008139438,0.024541199207305908
b005_0010,loco_iso834,46,0.02002400880465742,0.024122655391693115
b005_0011,loco_iso834,46,0.007144672765595014,0.04403179883956909
b005_0013,loco_iso834,46,0.005834137318564243,0.02824532985687256
b005_0014,loco_iso834,46,0.0058849069182990025,0.02857816219329834
b005_0015,loco_iso834,46,0.01137884553582942,0.006902158260345459
b005_0016,loco_iso834,46,0.007933998388833687,0.02898627519607544
b005_0017,loco_iso834,46,0.0099767518580937,0.04226088523864746
b005_0018,loco_iso834,46,0.013567317338263402,0.03545564413070679
b005_0019,loco_iso834,46,0.01822509928072085,0.039997220039367676
b005_0020,loco_iso834,46,0.0059431882300337805,0.016437456011772156
b005_0021,loco_iso834,46,0.004653619327506081,0.012482881546020508
b005_0022,loco_iso834,46,0.008141917894121076,0.022923052310943604
b005_0023,loco_iso834,46,0.008289402625599846,0.024612069129943848
b005_0025,loco_iso834,46,0.006359256865059743,0.02640286087989807
b005_0026,loco_iso834,46,0.009356940439978584,0.03916054964065552
b005_0027,loco_iso834,46,0.006455988791145262,0.02632644772529602
b005_0028,loco_iso834,46,0.006042345014751934,0.015903830528259277
b005_0029,loco_iso834,46,0.00803272529947953,0.012531042098999023
b005_0031,loco_iso834,46,0.006254704211090431,0.010557979345321655
b005_0032,loco_iso834,46,0.017030060047008952,0.02491748332977295
b005_0033,loco_iso834,46,0.010051113415936955,0.02516096830368042
b005_0034,loco_iso834,46,0.006671322601251915,0.011183857917785645
b005_0035,loco_iso834,46,0.0057592421281533164,0.01156705617904663
b005_0036,loco_iso834,46,0.00691085156114375,0.011229932308197021
b005_0037,loco_iso834,46,0.0072813766290907,0.02545180916786194
b005_0038,loco_iso834,46,0.010863612604434372,0.03283953666687012
b005_0039,loco_iso834,46,0.005346445702627057,0.030967354774475098
b005_0040,loco_iso834,46,0.005963685082607582,0.024349063634872437
b005_0042,loco_iso834,46,0.0071103844608439775,0.023943468928337097
b005_0043,loco_iso834,46,0.010549099413586444,0.037016987800598145
b005_0044,loco_iso834,46,0.008195211897130872,0.01728290319442749
b005_0045,loco_iso834,46,0.008094258972855865,0.007421910762786865
b005_0046,loco_iso834,46,0.0078071051689445,0.02364189922809601
b005_0047,loco_iso834,46,0.006849524671914148,0.02688467502593994
b005_0048,loco_iso834,46,0.00800769250901019,0.020709902048110962
b005_0049,loco_iso834,46,0.009427497316090787,0.04041057825088501
b005_0050,loco_iso834,46,0.00909197806823449,0.025371909141540527
b005_0051,loco_iso834,46,0.006603368542722014,0.014790356159210205
b005_0053,loco_iso834,46,0.00580509996316472,0.025241047143936157
b005_0055,loco_iso834,46,0.016107181178741766,0.02811455726623535
b005_0056,loco_iso834,46,0.014509228470384097,0.02329099178314209
b005_0058,loco_iso834,46,0.008437826679866822,0.015363037586212158
b005_0059,loco_iso834,46,0.009833946701933126,0.038355469703674316
b005_0060,loco_iso834,46,0.00878920338925768,0.03478264808654785
b005_0062,loco_iso834,46,0.008467979729175568,0.02490675449371338
b005_0063,loco_iso834,46,0.005632627450051855,0.027513444423675537
b005_0065,loco_iso834,46,0.013975632361701278,0.017842113971710205
b005_0066,loco_iso834,46,0.00625002274259192,0.018781840801239014
b005_0067,loco_iso834,46,0.006879144577217884,0.013195931911468506
b005_0068,loco_iso834,46,0.005464388515617027,0.028473615646362305
b005_0069,loco_iso834,46,0.007466214174618487,0.021920084953308105
b005_0070,loco_iso834,46,0.011362551848907939,0.009484469890594482
b004_0127,loco_astm_e119,42,0.0057477800206082764,0.021169409155845642
b004_0133,loco_astm_e119,42,0.009974593266111905,0.04554426670074463
b004_0157,loco_astm_e119,42,0.005416534902130971,0.029171109199523926
b004_0158,loco_astm_e119,42,0.00975041109763208,0.025929570198059082
b004_0159,loco_astm_e119,42,0.0068117033262721826,0.027291536331176758
b004_0171,loco_astm_e119,42,0.008403465212857137,0.022660285234451294
b004_0199,loco_astm_e119,42,0.005629742365391528,0.023058533668518066
b004_0231,loco_astm_e119,42,0.005667690676255304,0.02313774824142456
b004_0244,loco_astm_e119,42,0.008573068702807192,0.030088603496551514
b004_0245,loco_astm_e119,42,0.007087821415701851,0.020420610904693604
b004_0247,loco_astm_e119,42,0.008637332220057973,0.013967067003250122
b004_0252,loco_astm_e119,42,0.006617306563697877,0.02717036008834839
b004_0253,loco_astm_e119,42,0.008182792267838463,0.029051601886749268
b004_0258,loco_astm_e119,42,0.008172809100541913,0.03353756666183472
b004_0277,loco_astm_e119,42,0.006425318903610354,0.0359492301940918
b004_0278,loco_astm_e119,42,0.007527128472679951,0.02675938606262207
b004_0302,loco_astm_e119,42,0.005993428166772499,0.016274243593215942
b004_0315,loco_astm_e119,42,0.012995679175756017,0.04015129804611206
b004_0333,loco_astm_e119,42,0.010262933544448165,0.021907716989517212
b004_0356,loco_astm_e119,42,0.0049038322367629065,0.012013673782348633
b004_0370,loco_astm_e119,42,0.008292597397917607,0.02883690595626831
b004_0382,loco_astm_e119,42,0.0061699423145075314,0.03142884373664856
b004_0388,loco_astm_e119,42,0.007475956785874289,0.029110074043273926
b004_0391,loco_astm_e119,42,0.006534225261602245,0.028095930814743042
b004_0396,loco_astm_e119,42,0.006645206911642043,0.013880550861358643
b005_0072,loco_astm_e119,42,0.006638602338364867,0.045484960079193115
b005_0073,loco_astm_e119,42,0.008682887085148545,0.03785759210586548
b005_0075,loco_astm_e119,42,0.006401601323827368,0.036608874797821045
b005_0076,loco_astm_e119,42,0.008789781481027603,0.040993452072143555
b005_0077,loco_astm_e119,42,0.0063532079096700325,0.007334768772125244
b005_0079,loco_astm_e119,42,0.007762905393467575,0.017148911952972412
b005_0080,loco_astm_e119,42,0.007199490534477547,0.021273434162139893
b005_0081,loco_astm_e119,42,0.007534795730817514,0.01764577627182007
b005_0084,loco_astm_e119,42,0.006982075508500709,0.04212915897369385
b005_0085,loco_astm_e119,42,0.010401080377766343,0.014361917972564697
b005_0086,loco_astm_e119,42,0.006399710097762405,0.02883732318878174
b005_0087,loco_astm_e119,42,0.005637154960241474,0.016004562377929688
b005_0088,loco_astm_e119,42,0.006298728348290334,0.02421855926513672
b005_0089,loco_astm_e119,42,0.012808319242274175,0.04454594850540161
b005_0090,loco_astm_e119,42,0.008723710404067744,0.018418967723846436
b005_0091,loco_astm_e119,42,0.006511457814056365,0.02666240930557251
b005_0092,loco_astm_e119,42,0.0052815370994513154,0.018132507801055908
b005_0093,loco_astm_e119,42,0.0066228385587207604,0.027934551239013672
b005_0094,loco_astm_e119,42,0.010316878679345866,0.0745118260383606
b005_0095,loco_astm_e119,42,0.00545071224208738,0.011806249618530273
b005_0096,loco_astm_e119,42,0.006536603828922647,0.038208723068237305
b005_0097,loco_astm_e119,42,0.007571459427231648,0.027664124965667725
b005_0098,loco_astm_e119,42,0.007790003826872247,0.038679301738739014
b005_0100,loco_astm_e119,42,0.005695614597347916,0.016235828399658203
b005_0101,loco_astm_e119,42,0.00485070428398789,0.013799309730529785
b005_0104,loco_astm_e119,42,0.010377820092635076,0.06178152561187744
b005_0105,loco_astm_e119,42,0.008731187855611082,0.02064293622970581
b005_0106,loco_astm_e119,42,0.005067271409464664,0.014693647623062134
b005_0107,loco_astm_e119,42,0.006102011218422749,0.01860910654067993
b005_0108,loco_astm_e119,42,0.009279956827398206,0.02421271800994873
b005_0109,loco_astm_e119,42,0.007881402419727356,0.008570373058319092
b005_0110,loco_astm_e119,42,0.00703068663839434,0.019899025559425354
b005_0111,loco_astm_e119,42,0.007068664812650837,0.030039727687835693
b005_0112,loco_astm_e119,42,0.00551274339439439,0.016259729862213135
b005_0113,loco_astm_e119,42,0.004360266884819406,0.01054498553276062
b005_0115,loco_astm_e119,42,0.006490986000318996,0.030455052852630615
b005_0116,loco_astm_e119,42,0.00439886040374881,0.01624298095703125
b005_0117,loco_astm_e119,42,0.015455413243321121,0.04770374298095703
b005_0118,loco_astm_e119,42,0.005927880828986402,0.02631479501724243
b005_0119,loco_astm_e119,42,0.004442026808125074,0.032309651374816895
b005_0120,loco_astm_e119,42,0.006382975421968053,0.019568026065826416
b005_0121,loco_astm_e119,42,0.008567793081041242,0.019411712884902954
b005_0122,loco_astm_e119,42,0.00778408165349335,0.03262728452682495
b005_0123,loco_astm_e119,42,0.012013033032417297,0.007690548896789551
b005_0124,loco_astm_e119,42,0.009758345294194143,0.030927717685699463
b005_0126,loco_astm_e119,42,0.009148703979664162,0.046968281269073486
b005_0127,loco_astm_e119,42,0.008820300891262586,0.03909248113632202
b005_0128,loco_astm_e119,42,0.01814917920798552,0.008243560791015625
b005_0129,loco_astm_e119,42,0.006922240994992803,0.009944230318069458
b005_0130,loco_astm_e119,42,0.009626934213227913,0.050351619720458984
b005_0131,loco_astm_e119,42,0.007726928371875013,0.03165525197982788
b005_0132,loco_astm_e119,42,0.008816742506183561,0.052225589752197266
b005_0133,loco_astm_e119,42,0.01364839107531016,0.06370413303375244
b005_0135,loco_astm_e119,42,0.010965268020747139,0.02762216329574585
b005_0136,loco_astm_e119,42,0.00795244511033668,0.0299069881439209
b005_0137,loco_astm_e119,42,0.004771026553677731,0.0092010498046875
b005_0138,loco_astm_e119,42,0.007471641922583346,0.023549437522888184
b005_0139,loco_astm_e119,42,0.007555233039816872,0.0358334481716156
b005_0140,loco_astm_e119,42,0.008854148146070417,0.020144373178482056
b005_0141,loco_astm_e119,42,0.006462993069750364,0.026249855756759644
b005_0144,loco_astm_e119,42,0.010916907889921158,0.032842040061950684
b005_0146,loco_astm_e119,42,0.006235640129593552,0.0064966678619384766
b005_0147,loco_astm_e119,42,0.008286245839029063,0.02565014362335205
b005_0148,loco_astm_e119,42,0.015350991096652921,0.04369539022445679
b005_0149,loco_astm_e119,42,0.008739501909642924,0.017536282539367676
b005_0150,loco_astm_e119,42,0.007364843040704727,0.06526350975036621
b005_0153,loco_astm_e119,42,0.007148980911149353,0.03745049238204956
b005_0155,loco_astm_e119,42,0.010028321418117304,0.022647440433502197
b005_0156,loco_astm_e119,42,0.0068476353390295,0.011207759380340576
b005_0157,loco_astm_e119,42,0.007370119578525668,0.026076972484588623
b004_0127,loco_astm_e119,43,0.005248373404878085,0.017892375588417053
b004_0133,loco_astm_e119,43,0.007400542925127217,0.04768168926239014
b004_0157,loco_astm_e119,43,0.006108403816574909,0.02455848455429077
b004_0158,loco_astm_e119,43,0.010254909024863947,0.02580314874649048
b004_0159,loco_astm_e119,43,0.00796053558588028,0.03202998638153076
b004_0171,loco_astm_e119,43,0.008979466606359014,0.02180066704750061
b004_0199,loco_astm_e119,43,0.0070378617917905084,0.030316412448883057
b004_0231,loco_astm_e119,43,0.005034311201240196,0.02064990997314453
b004_0244,loco_astm_e119,43,0.006959222867840626,0.019944310188293457
b004_0245,loco_astm_e119,43,0.006733536475994548,0.025093436241149902
b004_0247,loco_astm_e119,43,0.007786456556593786,0.01480865478515625
b004_0252,loco_astm_e119,43,0.005976883358642703,0.0282709002494812
b004_0253,loco_astm_e119,43,0.010438380060625857,0.019988954067230225
b004_0258,loco_astm_e119,43,0.007854409271576365,0.03070598840713501
b004_0277,loco_astm_e119,43,0.0047529652470447974,0.04341620206832886
b004_0278,loco_astm_e119,43,0.00990962774538603,0.030621230602264404
b004_0302,loco_astm_e119,43,0.006905942422444703,0.016277730464935303
b004_0315,loco_astm_e119,43,0.01463746212300707,0.039818644523620605
b004_0333,loco_astm_e119,43,0.011423925029449776,0.020321309566497803
b004_0356,loco_astm_e119,43,0.004811045087751795,0.020431876182556152
b004_0370,loco_astm_e119,43,0.009737427972379278,0.038041889667510986
b004_0382,loco_astm_e119,43,0.007815513515570124,0.025442391633987427
b004_0388,loco_astm_e119,43,0.008801781373922943,0.026338964700698853
b004_0391,loco_astm_e119,43,0.0071260568792702724,0.02645733952522278
b004_0396,loco_astm_e119,43,0.009026751777187723,0.00980830192565918
b005_0072,loco_astm_e119,43,0.006232260802730185,0.03776150941848755
b005_0073,loco_astm_e119,43,0.009040835939469884,0.034102559089660645
b005_0075,loco_astm_e119,43,0.006231156773254519,0.039122164249420166
b005_0076,loco_astm_e119,43,0.00835305238600637,0.04183626174926758
b005_0077,loco_astm_e119,43,0.005333514609297768,0.009627878665924072
b005_0079,loco_astm_e119,43,0.007646923304581252,0.013916492462158203
b005_0080,loco_astm_e119,43,0.012155219057544332,0.002855241298675537
b005_0081,loco_astm_e119,43,0.009486888458982844,0.016697585582733154
b005_0084,loco_astm_e119,43,0.011202746727427498,0.039309024810791016
b005_0085,loco_astm_e119,43,0.00819107725239191,0.01983410120010376
b005_0086,loco_astm_e119,43,0.008352848350024615,0.035154640674591064
b005_0087,loco_astm_e119,43,0.005621685600671612,0.022880882024765015
b005_0088,loco_astm_e119,43,0.0045548094833483465,0.020440101623535156
b005_0089,loco_astm_e119,43,0.007740253796342944,0.03610283136367798
b005_0090,loco_astm_e119,43,0.008944832399243215,0.015593171119689941
b005_0091,loco_astm_e119,43,0.006968225489874355,0.01800459623336792
b005_0092,loco_astm_e119,43,0.00659788119011238,0.00848466157913208
b005_0093,loco_astm_e119,43,0.006658445677307785,0.023023664951324463
b005_0094,loco_astm_e119,43,0.00868560141715847,0.08141922950744629
b005_0095,loco_astm_e119,43,0.007824112096282303,0.023638010025024414
b005_0096,loco_astm_e119,43,0.0055215399040550485,0.023467719554901123
b005_0097,loco_astm_e119,43,0.0062093410457743975,0.022235095500946045
b005_0098,loco_astm_e119,43,0.012736644534791102,0.029206156730651855
b005_0100,loco_astm_e119,43,0.007516515364900964,0.012903153896331787
b005_0101,loco_astm_e119,43,0.004061313193352496,0.009485840797424316
b005_0104,loco_astm_e119,43,0.009358224138373235,0.06417417526245117
b005_0105,loco_astm_e119,43,0.007682684747899165,0.03421783447265625
b005_0106,loco_astm_e119,43,0.0073690461452867164,0.007423579692840576
b005_0107,loco_astm_e119,43,0.005586311343263407,0.020068317651748657
b005_0108,loco_astm_e119,43,0.010287883340335284,0.018692046403884888
b005_0109,loco_astm_e119,43,0.010282278060913086,0.0060980916023254395
b005_0110,loco_astm_e119,43,0.00827353472103838,0.014071270823478699
b005_0111,loco_astm_e119,43,0.008044154245833882,0.020831704139709473
b005_0112,loco_astm_e119,43,0.008774253371797625,0.012197434902191162
b005_0113,loco_astm_e119,43,0.005225384210953947,0.010685205459594727
b005_0115,loco_astm_e119,43,0.006924833613829535,0.01907747983932495
b005_0116,loco_astm_e119,43,0.006762670261449501,0.016281425952911377
b005_0117,loco_astm_e119,43,0.011499284354389691,0.05992704629898071
b005_0118,loco_astm_e119,43,0.008466681251760389,0.02325618267059326
b005_0119,loco_astm_e119,43,0.005548441935269559,0.043416738510131836
b005_0120,loco_astm_e119,43,0.008959645374876554,0.026796579360961914
b005_0121,loco_astm_e119,43,0.007468758792173667,0.018660396337509155
b005_0122,loco_astm_e119,43,0.008820567829687088,0.03762614727020264
b005_0123,loco_astm_e119,43,0.012539034434517876,0.012070894241333008
b005_0124,loco_astm_e119,43,0.008041744837995435,0.021818459033966064
b005_0126,loco_astm_e119,43,0.00665246206717413,0.05084449052810669
b005_0127,loco_astm_e119,43,0.008267296386546776,0.03617703914642334
b005_0128,loco_astm_e119,43,0.011521644768167714,0.019436120986938477
b005_0129,loco_astm_e119,43,0.007780295476073124,0.008366048336029053
b005_0130,loco_astm_e119,43,0.00998677838532651,0.05446302890777588
b005_0131,loco_astm_e119,43,0.007797036564252416,0.027972817420959473
b005_0132,loco_astm_e119,43,0.009093296393507817,0.058777570724487305
b005_0133,loco_astm_e119,43,0.013808337941032941,0.06038868427276611
b005_0135,loco_astm_e119,43,0.012479376902834315,0.033665746450424194
b005_0136,loco_astm_e119,43,0.00629395417502669,0.0381084680557251
b005_0137,loco_astm_e119,43,0.006845078018845104,0.008109092712402344
b005_0138,loco_astm_e119,43,0.0070965853138048145,0.017529726028442383
b005_0139,loco_astm_e119,43,0.007264150825680279,0.040134161710739136
b005_0140,loco_astm_e119,43,0.011080488806865255,0.014387965202331543
b005_0141,loco_astm_e119,43,0.00594115819110245,0.02436336874961853
b005_0144,loco_astm_e119,43,0.010872204894902275,0.02122485637664795
b005_0146,loco_astm_e119,43,0.005936530403426436,0.007294774055480957
b005_0147,loco_astm_e119,43,0.00893089126368038,0.027164876461029053
b005_0148,loco_astm_e119,43,0.011808230862265727,0.043353497982025146
b005_0149,loco_astm_e119,43,0.00938905451874264,0.019313514232635498
b005_0150,loco_astm_e119,43,0.007012501725407898,0.06675755977630615
b005_0153,loco_astm_e119,43,0.005818471740015218,0.03453326225280762
b005_0155,loco_astm_e119,43,0.005152129552891997,0.02675497531890869
b005_0156,loco_astm_e119,43,0.009665026894358338,0.01360929012298584
b005_0157,loco_astm_e119,43,0.00868355037003267,0.022609353065490723
b004_0127,loco_astm_e119,44,0.005180534463925439,0.017212480306625366
b004_0133,loco_astm_e119,44,0.008878023592663592,0.04045981168746948
b004_0157,loco_astm_e119,44,0.009902075849107055,0.01915764808654785
b004_0158,loco_astm_e119,44,0.01333840515037052,0.020565569400787354
b004_0159,loco_astm_e119,44,0.008176142685726041,0.03405606746673584
b004_0171,loco_astm_e119,44,0.009697127598719518,0.026047825813293457
b004_0199,loco_astm_e119,44,0.007462594597066035,0.031656861305236816
b004_0231,loco_astm_e119,44,0.006164423754957855,0.022598683834075928
b004_0244,loco_astm_e119,44,0.00815913337664526,0.022696852684020996
b004_0245,loco_astm_e119,44,0.007184675971015555,0.017939239740371704
b004_0247,loco_astm_e119,44,0.007475175452036935,0.022165566682815552
b004_0252,loco_astm_e119,44,0.005850096217921523,0.024566739797592163
b004_0253,loco_astm_e119,44,0.00782819861759905,0.030224204063415527
b004_0258,loco_astm_e119,44,0.008754290823565155,0.03458768129348755
b004_0277,loco_astm_e119,44,0.008920056348452802,0.03478020429611206
b004_0278,loco_astm_e119,44,0.011032913124463598,0.028065919876098633
b004_0302,loco_astm_e119,44,0.006092504155440408,0.02052706480026245
b004_0315,loco_astm_e119,44,0.01428186985068634,0.04124051332473755
b004_0333,loco_astm_e119,44,0.010343316148539058,0.026690393686294556
b004_0356,loco_astm_e119,44,0.005239382996910908,0.01692664623260498
b004_0370,loco_astm_e119,44,0.011821429810074509,0.02776855230331421
b004_0382,loco_astm_e119,44,0.00693895234192004,0.029267191886901855
b004_0388,loco_astm_e119,44,0.007951761489031746,0.025155633687973022
b004_0391,loco_astm_e119,44,0.006624987257308647,0.03150483965873718
b004_0396,loco_astm_e119,44,0.006947593855076149,0.010316193103790283
b005_0072,loco_astm_e119,44,0.0069261930394368095,0.04461175203323364
b005_0073,loco_astm_e119,44,0.008943106429498703,0.036572039127349854
b005_0075,loco_astm_e119,44,0.007611288154711489,0.040098488330841064
b005_0076,loco_astm_e119,44,0.011785054060279345,0.047765374183654785
b005_0077,loco_astm_e119,44,0.006282655064199791,0.00794646143913269
b005_0079,loco_astm_e119,44,0.007515277896748215,0.017351508140563965
b005_0080,loco_astm_e119,44,0.008346391261601057,0.008276164531707764
b005_0081,loco_astm_e119,44,0.0077847109832724585,0.020447254180908203
b005_0084,loco_astm_e119,44,0.010559102550881808,0.04556906223297119
b005_0085,loco_astm_e119,44,0.006111147156992897,0.02322596311569214
b005_0086,loco_astm_e119,44,0.007839500110168925,0.039034366607666016
b005_0087,loco_astm_e119,44,0.00464153668430985,0.013929933309555054
b005_0088,loco_astm_e119,44,0.005454936110582508,0.024458348751068115
b005_0089,loco_astm_e119,44,0.009637277878698756,0.033658355474472046
b005_0090,loco_astm_e119,44,0.005666141260842808,0.016675055027008057
b005_0091,loco_astm_e119,44,0.00821789305229656,0.019600987434387207
b005_0092,loco_astm_e119,44,0.005596867105999931,0.018762409687042236
b005_0093,loco_astm_e119,44,0.007374366226254917,0.02900487184524536
b005_0094,loco_astm_e119,44,0.00952663150478582,0.07921922206878662
b005_0095,loco_astm_e119,44,0.005825728544446289,0.024566471576690674
b005_0096,loco_astm_e119,44,0.0074685577486382155,0.03136897087097168
b005_0097,loco_astm_e119,44,0.007570434178485245,0.016502797603607178
b005_0098,loco_astm_e119,44,0.006959843098140153,0.029415667057037354
b005_0100,loco_astm_e119,44,0.005342659952699161,0.011351525783538818
b005_0101,loco_astm_e119,44,0.0052295485358746325,0.022823870182037354
b005_0104,loco_astm_e119,44,0.009366506374761706,0.05685222148895264
b005_0105,loco_astm_e119,44,0.007129092685511855,0.030322790145874023
b005_0106,loco_astm_e119,44,0.007067255675792694,0.01235353946685791
b005_0107,loco_astm_e119,44,0.00627618173106772,0.017022237181663513
b005_0108,loco_astm_e119,44,0.011109297148516922,0.02488917112350464
b005_0109,loco_astm_e119,44,0.010587470392223264,0.011180758476257324
b005_0110,loco_astm_e119,44,0.007927310271341293,0.015317156910896301
b005_0111,loco_astm_e119,44,0.00792398187713545,0.024168193340301514
b005_0112,loco_astm_e119,44,0.006787653829230637,0.017474114894866943
b005_0113,loco_astm_e119,44,0.005333396499274207,0.022125303745269775
b005_0115,loco_astm_e119,44,0.006727309683795835,0.025435447692871094
b005_0116,loco_astm_e119,44,0.008482553797667144,0.016077876091003418
b005_0117,loco_astm_e119,44,0.011179377004259923,0.05580639839172363
b005_0118,loco_astm_e119,44,0.008136241284550214,0.02741098403930664
b005_0119,loco_astm_e119,44,0.004540936319065876,0.0235862135887146
b005_0120,loco_astm_e119,44,0.006155574053037362,0.024736762046813965
b005_0121,loco_astm_e119,44,0.00840403933505543,0.022018402814865112
b005_0122,loco_astm_e119,44,0.007502925444821842,0.02646079659461975
b005_0123,loco_astm_e119,44,0.01469544138087601,0.008047878742218018
b005_0124,loco_astm_e119,44,0.007211803290687623,0.02226918935775757
b005_0126,loco_astm_e119,44,0.009791271730524595,0.04782646894454956
b005_0127,loco_astm_e119,44,0.008560439357992078,0.038353562355041504
b005_0128,loco_astm_e119,44,0.013247655735152667,0.01144254207611084
b005_0129,loco_astm_e119,44,0.006783753877780477,0.012807697057723999
b005_0130,loco_astm_e119,44,0.011446692476995656,0.06298702955245972
b005_0131,loco_astm_e119,44,0.008706959605705543,0.03596007823944092
b005_0132,loco_astm_e119,44,0.009921085822289108,0.050376713275909424
b005_0133,loco_astm_e119,44,0.01287179141015303,0.07563227415084839
b005_0135,loco_astm_e119,44,0.014415155485516688,0.037703752517700195
b005_0136,loco_astm_e119,44,0.009625143386790009,0.03435182571411133
b005_0137,loco_astm_e119,44,0.005630045640664023,0.009635508060455322
b005_0138,loco_astm_e119,44,0.008574314904017527,0.01762932538986206
b005_0139,loco_astm_e119,44,0.008009061950152038,0.039653509855270386
b005_0140,loco_astm_e119,44,0.008406941885830925,0.016720175743103027
b005_0141,loco_astm_e119,44,0.006036306502389126,0.029301494359970093
b005_0144,loco_astm_e119,44,0.007743757767755477,0.029247283935546875
b005_0146,loco_astm_e119,44,0.005646379695075457,0.013132274150848389
b005_0147,loco_astm_e119,44,0.011226264424011355,0.032408714294433594
b005_0148,loco_astm_e119,44,0.01143791923513178,0.049183428287506104
b005_0149,loco_astm_e119,44,0.008563422094114492,0.03098076581954956
b005_0150,loco_astm_e119,44,0.00614163053573155,0.05971324443817139
b005_0153,loco_astm_e119,44,0.0059345679693534725,0.043191492557525635
b005_0155,loco_astm_e119,44,0.006256381141357735,0.02452695369720459
b005_0156,loco_astm_e119,44,0.00817094639432235,0.014141678810119629
b005_0157,loco_astm_e119,44,0.007534700522168738,0.038834333419799805
b004_0127,loco_astm_e119,45,0.005436225198819989,0.021694377064704895
b004_0133,loco_astm_e119,45,0.00755684242629614,0.037036776542663574
b004_0157,loco_astm_e119,45,0.004809696288382421,0.025219500064849854
b004_0158,loco_astm_e119,45,0.005051621892413155,0.016399025917053223
b004_0159,loco_astm_e119,45,0.006465666057145009,0.023666560649871826
b004_0171,loco_astm_e119,45,0.009119559873322972,0.02066962420940399
b004_0199,loco_astm_e119,45,0.006481370720707002,0.02454143762588501
b004_0231,loco_astm_e119,45,0.005851818828797731,0.019206583499908447
b004_0244,loco_astm_e119,45,0.007274849615136131,0.02073037624359131
b004_0245,loco_astm_e119,45,0.006177061283197559,0.02280604839324951
b004_0247,loco_astm_e119,45,0.0072562670121427445,0.014719992876052856
b004_0252,loco_astm_e119,45,0.005653705875404546,0.026316851377487183
b004_0253,loco_astm_e119,45,0.007798842841484507,0.022239238023757935
b004_0258,loco_astm_e119,45,0.006996479068623215,0.02965390682220459
b004_0277,loco_astm_e119,45,0.007395553662151587,0.028528571128845215
b004_0278,loco_astm_e119,45,0.004735288866719261,0.02217632532119751
b004_0302,loco_astm_e119,45,0.007740165244360439,0.023942887783050537
b004_0315,loco_astm_e119,45,0.0179470101463013,0.04683077335357666
b004_0333,loco_astm_e119,45,0.008976916064981555,0.02028799057006836
b004_0356,loco_astm_e119,45,0.004827158739332293,0.015249073505401611
b004_0370,loco_astm_e119,45,0.011134689643246229,0.022202491760253906
b004_0382,loco_astm_e119,45,0.005166190447377377,0.026782512664794922
b004_0388,loco_astm_e119,45,0.0071974724042611045,0.023073792457580566
b004_0391,loco_astm_e119,45,0.006450356030073322,0.028374910354614258
b004_0396,loco_astm_e119,45,0.005731495005674049,0.02209705114364624
b005_0072,loco_astm_e119,45,0.0056458994990489526,0.03734809160232544
b005_0073,loco_astm_e119,45,0.007559549552006799,0.04107469320297241
b005_0075,loco_astm_e119,45,0.0037477737689604524,0.021843373775482178
b005_0076,loco_astm_e119,45,0.007059178086089306,0.04424768686294556
b005_0077,loco_astm_e119,45,0.005245135455835061,0.00914078950881958
b005_0079,loco_astm_e119,45,0.007868671209597196,0.015390932559967041
b005_0080,loco_astm_e119,45,0.005530671995194232,0.007020056247711182
b005_0081,loco_astm_e119,45,0.010373642759733513,0.0128365159034729
b005_0084,loco_astm_e119,45,0.008966700952561175,0.03805887699127197
b005_0085,loco_astm_e119,45,0.007151485649777241,0.013587474822998047
b005_0086,loco_astm_e119,45,0.00912734292081145,0.02845054864883423
b005_0087,loco_astm_e119,45,0.00501639115028694,0.018561094999313354
b005_0088,loco_astm_e119,45,0.004735048921381841,0.019504517316818237
b005_0089,loco_astm_e119,45,0.007230826699342884,0.034356504678726196
b005_0090,loco_astm_e119,45,0.006515462134705215,0.02588862180709839
b005_0091,loco_astm_e119,45,0.006659572852439568,0.028532862663269043
b005_0092,loco_astm_e119,45,0.0055212125670714455,0.021537482738494873
b005_0093,loco_astm_e119,45,0.008403720853270078,0.028010904788970947
b005_0094,loco_astm_e119,45,0.009891990755425125,0.0718761682510376
b005_0095,loco_astm_e119,45,0.007131520536590795,0.022547483444213867
b005_0096,loco_astm_e119,45,0.006683380938455706,0.03420734405517578
b005_0097,loco_astm_e119,45,0.007709406194139699,0.03696131706237793
b005_0098,loco_astm_e119,45,0.006257297623841489,0.02355372905731201
b005_0100,loco_astm_e119,45,0.005102876695941706,0.01957017183303833
b005_0101,loco_astm_e119,45,0.008046660205868424,0.01591438055038452
b005_0104,loco_astm_e119,45,0.010328336084475283,0.05841326713562012
b005_0105,loco_astm_e119,45,0.006503314756956257,0.029135584831237793
b005_0106,loco_astm_e119,45,0.005461449994415534,0.018342196941375732
b005_0107,loco_astm_e119,45,0.005424689074031642,0.017162799835205078
b005_0108,loco_astm_e119,45,0.00917298285687556,0.02219170331954956
b005_0109,loco_astm_e119,45,0.005958223807030037,0.01659935712814331
b005_0110,loco_astm_e119,45,0.0066807030654344405,0.01400686800479889
b005_0111,loco_astm_e119,45,0.007869848889894173,0.020663917064666748
b005_0112,loco_astm_e119,45,0.005438689814239252,0.019355297088623047
b005_0113,loco_astm_e119,45,0.004940376540676492,0.0126112699508667
b005_0115,loco_astm_e119,45,0.007656209842591989,0.018651679158210754
b005_0116,loco_astm_e119,45,0.005992164010884332,0.019342541694641113
b005_0117,loco_astm_e119,45,0.011784058003152003,0.04628568887710571
b005_0118,loco_astm_e119,45,0.007010621369862166,0.025710463523864746
b005_0119,loco_astm_e119,45,0.004696674706017385,0.0191001296043396
b005_0120,loco_astm_e119,45,0.005565690578984432,0.01683032512664795
b005_0121,loco_astm_e119,45,0.006864264607429504,0.02211029827594757
b005_0122,loco_astm_e119,45,0.006849653896738271,0.025497853755950928
b005_0123,loco_astm_e119,45,0.009642324853138845,0.01234525442123413
b005_0124,loco_astm_e119,45,0.005973843521759158,0.020613402128219604
b005_0126,loco_astm_e119,45,0.008539174973476128,0.04751467704772949
b005_0127,loco_astm_e119,45,0.009327875297577655,0.044425904750823975
b005_0128,loco_astm_e119,45,0.01501894400256579,0.01121741533279419
b005_0129,loco_astm_e119,45,0.009725949925477387,0.009052634239196777
b005_0130,loco_astm_e119,45,0.008739528230956344,0.05080980062484741
b005_0131,loco_astm_e119,45,0.00805070709253921,0.034155964851379395
b005_0132,loco_astm_e119,45,0.009647554427873893,0.05478852987289429
b005_0133,loco_astm_e119,45,0.009029011806992233,0.06110942363739014
b005_0135,loco_astm_e119,45,0.01678570622547728,0.03791114687919617
b005_0136,loco_astm_e119,45,0.006369155938508081,0.03347158432006836
b005_0137,loco_astm_e119,45,0.004964091555505502,0.008316218852996826
b005_0138,loco_astm_e119,45,0.007168206645817053,0.017692506313323975
b005_0139,loco_astm_e119,45,0.007133260735722839,0.035006314516067505
b005_0140,loco_astm_e119,45,0.006603396940426749,0.024606287479400635
b005_0141,loco_astm_e119,45,0.005494765204484346,0.029155224561691284
b005_0144,loco_astm_e119,45,0.009489899653880323,0.02469843626022339
b005_0146,loco_astm_e119,45,0.005077930197852557,0.012534916400909424
b005_0147,loco_astm_e119,45,0.0072230971494659044,0.03241896629333496
b005_0148,loco_astm_e119,45,0.010434362426644465,0.04716455936431885
b005_0149,loco_astm_e119,45,0.007378246879479924,0.02528327703475952
b005_0150,loco_astm_e119,45,0.008734296701970647,0.07520186901092529
b005_0153,loco_astm_e119,45,0.007454166158300931,0.03860527276992798
b005_0155,loco_astm_e119,45,0.003792752801883416,0.014324069023132324
b005_0156,loco_astm_e119,45,0.012266591069151143,0.02074374258518219
b005_0157,loco_astm_e119,45,0.006017356988836507,0.029701411724090576
b004_0127,loco_astm_e119,46,0.004760109193500926,0.01767696440219879
b004_0133,loco_astm_e119,46,0.008951900923838381,0.03455471992492676
b004_0157,loco_astm_e119,46,0.005196383803105745,0.019243240356445312
b004_0158,loco_astm_e119,46,0.009564839425634165,0.01962655782699585
b004_0159,loco_astm_e119,46,0.006075358354165906,0.0247001051902771
b004_0171,loco_astm_e119,46,0.008643744727138613,0.023526325821876526
b004_0199,loco_astm_e119,46,0.006895232640328954,0.020931005477905273
b004_0231,loco_astm_e119,46,0.006568084913687628,0.022173762321472168
b004_0244,loco_astm_e119,46,0.008062796880964373,0.0242537260055542
b004_0245,loco_astm_e119,46,0.007493605440268751,0.018235325813293457
b004_0247,loco_astm_e119,46,0.007259654827782365,0.019720911979675293
b004_0252,loco_astm_e119,46,0.005067702443873296,0.022455483675003052
b004_0253,loco_astm_e119,46,0.008688970545276266,0.025079399347305298
b004_0258,loco_astm_e119,46,0.009021710421218247,0.03462553024291992
b004_0277,loco_astm_e119,46,0.010870652242762143,0.034736573696136475
b004_0278,loco_astm_e119,46,0.006608419914226063,0.025489509105682373
b004_0302,loco_astm_e119,46,0.00655666995243948,0.013356387615203857
b004_0315,loco_astm_e119,46,0.019486642702192556,0.049192458391189575
b004_0333,loco_astm_e119,46,0.00885702559693915,0.024485260248184204
b004_0356,loco_astm_e119,46,0.004770214135041003,0.012761950492858887
b004_0370,loco_astm_e119,46,0.00876719974836365,0.02120673656463623
b004_0382,loco_astm_e119,46,0.006150887149279235,0.030418336391448975
b004_0388,loco_astm_e119,46,0.007088063071008588,0.02282625436782837
b004_0391,loco_astm_e119,46,0.0071133554714625,0.030740410089492798
b004_0396,loco_astm_e119,46,0.009830497388468414,0.006123822182416916
b005_0072,loco_astm_e119,46,0.005286939258946747,0.03579914569854736
b005_0073,loco_astm_e119,46,0.007768971631761457,0.02973198890686035
b005_0075,loco_astm_e119,46,0.00599208590192873,0.034240543842315674
b005_0076,loco_astm_e119,46,0.006840087778744151,0.03533673286437988
b005_0077,loco_astm_e119,46,0.005081468185440439,0.007212996482849121
b005_0079,loco_astm_e119,46,0.008277654403545817,0.011682450771331787
b005_0080,loco_astm_e119,46,0.008303474085252793,0.002119302749633789
b005_0081,loco_astm_e119,46,0.009203961882434908,0.01871711015701294
b005_0084,loco_astm_e119,46,0.006682666843054724,0.032768309116363525
b005_0085,loco_astm_e119,46,0.006551664017263006,0.011613249778747559
b005_0086,loco_astm_e119,46,0.006041882468051598,0.02761709690093994
b005_0087,loco_astm_e119,46,0.0050703055057369295,0.022377759218215942
b005_0088,loco_astm_e119,46,0.0052126077477072106,0.0225813090801239
b005_0089,loco_astm_e119,46,0.008439906430049021,0.03542432188987732
b005_0090,loco_astm_e119,46,0.006370638115484206,0.012343034148216248
b005_0091,loco_astm_e119,46,0.01422713177858806,0.004794001579284668
b005_0092,loco_astm_e119,46,0.004730039810548063,0.015711307525634766
b005_0093,loco_astm_e119,46,0.008081977728937493,0.02649804949760437
b005_0094,loco_astm_e119,46,0.009720850735902786,0.06581801176071167
b005_0095,loco_astm_e119,46,0.00530242278683381,0.015602290630340576
b005_0096,loco_astm_e119,46,0.005489378251501771,0.03753793239593506
b005_0097,loco_astm_e119,46,0.005609379195776142,0.016038209199905396
b005_0098,loco_astm_e119,46,0.006573674986596967,0.02433234453201294
b005_0100,loco_astm_e119,46,0.005504248999669904,0.01766955852508545
b005_0101,loco_astm_e119,46,0.005333534579296581,0.017545342445373535
b005_0104,loco_astm_e119,46,0.01290937891749085,0.04652374982833862
b005_0105,loco_astm_e119,46,0.007875290378683904,0.030934274196624756
b005_0106,loco_astm_e119,46,0.0053604441832323544,0.01156681776046753
b005_0107,loco_astm_e119,46,0.006753162038130838,0.016602784395217896
b005_0108,loco_astm_e119,46,0.011025417535031428,0.019342243671417236
b005_0109,loco_astm_e119,46,0.00722324652749984,0.01226457953453064
b005_0110,loco_astm_e119,46,0.007967606431148092,0.017106086015701294
b005_0111,loco_astm_e119,46,0.0068135935141414895,0.017906486988067627
b005_0112,loco_astm_e119,46,0.005542571671673509,0.013032972812652588
b005_0113,loco_astm_e119,46,0.005244162483293502,0.012094676494598389
b005_0115,loco_astm_e119,46,0.006632729570885174,0.02221471071243286
b005_0116,loco_astm_e119,46,0.010845512640280802,0.0236169695854187
b005_0117,loco_astm_e119,46,0.009878564503837804,0.04539400339126587
b005_0118,loco_astm_e119,46,0.008241727826048116,0.025867223739624023
b005_0119,loco_astm_e119,46,0.0049226041577878545,0.031255900859832764
b005_0120,loco_astm_e119,46,0.006088125901144059,0.019864022731781006
b005_0121,loco_astm_e119,46,0.0074597483531373444,0.02222946286201477
b005_0122,loco_astm_e119,46,0.0075862275772407405,0.031255364418029785
b005_0123,loco_astm_e119,46,0.008948569415045566,0.008943557739257812
b005_0124,loco_astm_e119,46,0.005875857272109047,0.01454836130142212
b005_0126,loco_astm_e119,46,0.00910961603532072,0.04207789897918701
b005_0127,loco_astm_e119,46,0.008536500031830834,0.024917542934417725
b005_0128,loco_astm_e119,46,0.01163230921889915,0.01868736743927002
b005_0129,loco_astm_e119,46,0.006794470194421831,0.009049773216247559
b005_0130,loco_astm_e119,46,0.009395266043358162,0.04686248302459717
b005_0131,loco_astm_e119,46,0.008785786381999,0.027745842933654785
b005_0132,loco_astm_e119,46,0.00978568886391452,0.04750785231590271
b005_0133,loco_astm_e119,46,0.009141267872736102,0.061453402042388916
b005_0135,loco_astm_e119,46,0.014218373621096377,0.035262733697891235
b005_0136,loco_astm_e119,46,0.00637162843200027,0.025611817836761475
b005_0137,loco_astm_e119,46,0.004970534170260195,0.008690237998962402
b005_0138,loco_astm_e119,46,0.006138899531520781,0.012144088745117188
b005_0139,loco_astm_e119,46,0.007291037039678605,0.02926883101463318
b005_0140,loco_astm_e119,46,0.008223194690024267,0.01502084732055664
b005_0141,loco_astm_e119,46,0.005966989598313316,0.023515135049819946
b005_0144,loco_astm_e119,46,0.009801092572876664,0.018217504024505615
b005_0146,loco_astm_e119,46,0.006770988956826632,0.0067310333251953125
b005_0147,loco_astm_e119,46,0.007839559653743368,0.026790082454681396
b005_0148,loco_astm_e119,46,0.007432267619449584,0.04295426607131958
b005_0149,loco_astm_e119,46,0.008999065969322548,0.029814720153808594
b005_0150,loco_astm_e119,46,0.006725588843959277,0.05686843395233154
b005_0153,loco_astm_e119,46,0.006621930442872594,0.03561514616012573
b005_0155,loco_astm_e119,46,0.004429355874413349,0.025666415691375732
b005_0156,loco_astm_e119,46,0.007965116349400067,0.011285975575447083
b005_0157,loco_astm_e119,46,0.00640083556292487,0.032321035861968994
b005_0652,loco_external_fire,42,0.010061876695664202,0.02396455407142639
b005_0653,loco_external_fire,42,0.0066708314125655125,0.023256123065948486
b005_0654,loco_external_fire,42,0.01283052734664229,0.03182154893875122
b005_0655,loco_external_fire,42,0.008409192083311862,0.01117175817489624
b005_0656,loco_external_fire,42,0.0067041667758441364,0.02105271816253662
b005_0657,loco_external_fire,42,0.008657020379285344,0.018389582633972168
b005_0658,loco_external_fire,42,0.00845526451947259,0.015887320041656494
b005_0659,loco_external_fire,42,0.007893742352235512,0.036883026361465454
b005_0660,loco_external_fire,42,0.008230264069604093,0.03316578269004822
b005_0661,loco_external_fire,42,0.006706507968120888,0.0331093966960907
b005_0662,loco_external_fire,42,0.008784034213081736,0.01659601926803589
b005_0663,loco_external_fire,42,0.013052589336379629,0.030432462692260742
b005_0664,loco_external_fire,42,0.012836155588509606,0.023553550243377686
b005_0667,loco_external_fire,42,0.006111057566814735,0.02325206995010376
b005_0668,loco_external_fire,42,0.011315595663961817,0.032404422760009766
b005_0669,loco_external_fire,42,0.006922705251662458,0.023283541202545166
b005_0670,loco_external_fire,42,0.015049066699919154,0.013032972812652588
b005_0671,loco_external_fire,42,0.015296200504068469,0.03292125463485718
b005_0672,loco_external_fire,42,0.008623431451985093,0.02336794137954712
b005_0675,loco_external_fire,42,0.01684303093151968,0.030104875564575195
b005_0676,loco_external_fire,42,0.008844812141090144,0.02413877844810486
b005_0678,loco_external_fire,42,0.01180573320779644,0.028708994388580322
b005_0679,loco_external_fire,42,0.014022613402272835,0.04524433612823486
b005_0680,loco_external_fire,42,0.008970797061920166,0.02903956174850464
b005_0681,loco_external_fire,42,0.007466985065428937,0.023623943328857422
b005_0682,loco_external_fire,42,0.007742435472910521,0.022362977266311646
b005_0683,loco_external_fire,42,0.012384758865247007,0.024182498455047607
b005_0684,loco_external_fire,42,0.01058263295009488,0.019382715225219727
b005_0685,loco_external_fire,42,0.010843419149273732,0.02140331268310547
b005_0686,loco_external_fire,42,0.010264445279465347,0.027032852172851562
b005_0687,loco_external_fire,42,0.010530066050466944,0.022062182426452637
b005_0688,loco_external_fire,42,0.012755083744643165,0.01066523790359497
b005_0689,loco_external_fire,42,0.009897554262739713,0.0222322940826416
b005_0690,loco_external_fire,42,0.009051773880348831,0.020875751972198486
b005_0691,loco_external_fire,42,0.014813320802860573,0.003741621971130371
b005_0693,loco_external_fire,42,0.013014912849566976,0.028435230255126953
b005_0695,loco_external_fire,42,0.008267431718404175,0.03803318738937378
b005_0696,loco_external_fire,42,0.012841240060134013,0.015542268753051758
b005_0697,loco_external_fire,42,0.005664132901879608,0.018467187881469727
b005_0698,loco_external_fire,42,0.006075207327232986,0.023137211799621582
b005_0700,loco_external_fire,42,0.011010820015532071,0.04089173674583435
b005_0701,loco_external_fire,42,0.01577021083870872,0.018420398235321045
b005_0702,loco_external_fire,42,0.008921633489796372,0.024533212184906006
b005_0703,loco_external_fire,42,0.01257236033189492,0.017189860343933105
b005_0705,loco_external_fire,42,0.016161194590271495,0.017132997512817383
b005_0706,loco_external_fire,42,0.00630270824080608,0.019652068614959717
b005_0707,loco_external_fire,42,0.008238049559905881,0.023336976766586304
b005_0708,loco_external_fire,42,0.013174302265292308,0.026762068271636963
b005_0709,loco_external_fire,42,0.010989791057148918,0.030507564544677734
b005_0652,loco_external_fire,43,0.01083591995669193,0.016636312007904053
b005_0653,loco_external_fire,43,0.005593028957726526,0.02350926399230957
b005_0654,loco_external_fire,43,0.011854637108865331,0.030766844749450684
b005_0655,loco_external_fire,43,0.009254841286627973,0.017355650663375854
b005_0656,loco_external_fire,43,0.006923391682202699,0.025112807750701904
b005_0657,loco_external_fire,43,0.011290563667406802,0.018533408641815186
b005_0658,loco_external_fire,43,0.0090726731253452,0.016329824924468994
b005_0659,loco_external_fire,43,0.0073319876291712775,0.029659748077392578
b005_0660,loco_external_fire,43,0.007643002711358617,0.026638895273208618
b005_0661,loco_external_fire,43,0.006892381632914309,0.027725815773010254
b005_0662,loco_external_fire,43,0.007599415593459958,0.016771137714385986
b005_0663,loco_external_fire,43,0.01154240794846269,0.025476813316345215
b005_0664,loco_external_fire,43,0.00949367636539897,0.023612141609191895
b005_0667,loco_external_fire,43,0.010702072596940839,0.018135488033294678
b005_0668,loco_external_fire,43,0.00848335662826163,0.01781398057937622
b005_0669,loco_external_fire,43,0.006062629281497392,0.022360384464263916
b005_0670,loco_external_fire,43,0.013665674895536705,0.01382303237915039
b005_0671,loco_external_fire,43,0.01319459105124239,0.03192722797393799
b005_0672,loco_external_fire,43,0.007085771834264036,0.017435193061828613
b005_0675,loco_external_fire,43,0.01814920711712759,0.029535233974456787
b005_0676,loco_external_fire,43,0.008260133080795163,0.022900789976119995
b005_0678,loco_external_fire,43,0.012049928307533264,0.02575969696044922
b005_0679,loco_external_fire,43,0.013301918985413724,0.040219008922576904
b005_0680,loco_external_fire,43,0.0092065764255211,0.02460193634033203
b005_0681,loco_external_fire,43,0.009143481733369046,0.021613359451293945
b005_0682,loco_external_fire,43,0.007844440272597016,0.017818152904510498
b005_0683,loco_external_fire,43,0.007054646972750054,0.022479653358459473
b005_0684,loco_external_fire,43,0.008411716486586899,0.019933700561523438
b005_0685,loco_external_fire,43,0.012808700565431938,0.02193063497543335
b005_0686,loco_external_fire,43,0.011968034945550512,0.02469933032989502
b005_0687,loco_external_fire,43,0.009388389646029864,0.023654848337173462
b005_0688,loco_external_fire,43,0.009589892430383651,0.00917351245880127
b005_0689,loco_external_fire,43,0.011652099793074562,0.021079421043395996
b005_0690,loco_external_fire,43,0.013638962487705419,0.021052539348602295
b005_0691,loco_external_fire,43,0.011876403064024254,0.006219983100891113
b005_0693,loco_external_fire,43,0.01223479015905349,0.023370862007141113
b005_0695,loco_external_fire,43,0.005173094448496084,0.0221177339553833
b005_0696,loco_external_fire,43,0.012119090215104525,0.015887677669525146
b005_0697,loco_external_fire,43,0.004974858682663714,0.01851552724838257
b005_0698,loco_external_fire,43,0.008644799961418401,0.023294448852539062
b005_0700,loco_external_fire,43,0.009801049945784396,0.04693177342414856
b005_0701,loco_external_fire,43,0.019130093152405787,0.018617868423461914
b005_0702,loco_external_fire,43,0.0064775975512676555,0.024554133415222168
b005_0703,loco_external_fire,43,0.010094416923210269,0.01644265651702881
b005_0705,loco_external_fire,43,0.017672845086113352,0.01696115732192993
b005_0706,loco_external_fire,43,0.00900757263918392,0.029682517051696777
b005_0707,loco_external_fire,43,0.00859393325985455,0.02245110273361206
b005_0708,loco_external_fire,43,0.015470292235984177,0.027928411960601807
b005_0709,loco_external_fire,43,0.00700987313614517,0.03143233060836792
b005_0652,loco_external_fire,44,0.008578462434596703,0.01879057288169861
b005_0653,loco_external_fire,44,0.008288832717254514,0.023662984371185303
b005_0654,loco_external_fire,44,0.011973248641999041,0.03114384412765503
b005_0655,loco_external_fire,44,0.010812092022817642,0.016595035791397095
b005_0656,loco_external_fire,44,0.00677320312281124,0.021562695503234863
b005_0657,loco_external_fire,44,0.008437082171440125,0.01842784881591797
b005_0658,loco_external_fire,44,0.01067057300786503,0.022146552801132202
b005_0659,loco_external_fire,44,0.0072518667725266,0.026348978281021118
b005_0660,loco_external_fire,44,0.007880068949011505,0.03166547417640686
b005_0661,loco_external_fire,44,0.006468776063840898,0.029267549514770508
b005_0662,loco_external_fire,44,0.007511722259834165,0.01803910732269287
b005_0663,loco_external_fire,44,0.009541391837792318,0.02500993013381958
b005_0664,loco_external_fire,44,0.009109719366323753,0.023935914039611816
b005_0667,loco_external_fire,44,0.012883224692501005,0.022346198558807373
b005_0668,loco_external_fire,44,0.0061621446101391905,0.019490569829940796
b005_0669,loco_external_fire,44,0.007166596465423459,0.024323701858520508
b005_0670,loco_external_fire,44,0.011632385556815101,0.01461029052734375
b005_0671,loco_external_fire,44,0.01313791998097154,0.03400498628616333
b005_0672,loco_external_fire,44,0.01155788610216047,0.015000998973846436
b005_0675,loco_external_fire,44,0.015243386391733513,0.02599966526031494
b005_0676,loco_external_fire,44,0.008341111853474477,0.023601830005645752
b005_0678,loco_external_fire,44,0.013231134805522982,0.02985590696334839
b005_0679,loco_external_fire,44,0.013817982595474993,0.03792893886566162
b005_0680,loco_external_fire,44,0.010143728285539345,0.0275803804397583
b005_0681,loco_external_fire,44,0.00931165159725752,0.022505104541778564
b005_0682,loco_external_fire,44,0.007355753271306147,0.024219274520874023
b005_0683,loco_external_fire,44,0.01187948760439138,0.026178479194641113
b005_0684,loco_external_fire,44,0.010376905320120639,0.02070939540863037
b005_0685,loco_external_fire,44,0.010522817246249466,0.02298104763031006
b005_0686,loco_external_fire,44,0.012308612954421122,0.025054574012756348
b005_0687,loco_external_fire,44,0.008970054446673785,0.027140378952026367
b005_0688,loco_external_fire,44,0.009460001695351522,0.013039052486419678
b005_0689,loco_external_fire,44,0.01436589584975946,0.023530662059783936
b005_0690,loco_external_fire,44,0.013063776932778905,0.021709024906158447
b005_0691,loco_external_fire,44,0.009383371374646171,0.0029351115226745605
b005_0693,loco_external_fire,44,0.01706259367895908,0.02433013916015625
b005_0695,loco_external_fire,44,0.0067562016307330525,0.030009925365447998
b005_0696,loco_external_fire,44,0.012924428846015305,0.015955746173858643
b005_0697,loco_external_fire,44,0.006339508490484269,0.018690764904022217
b005_0698,loco_external_fire,44,0.008466383961380506,0.027297765016555786
b005_0700,loco_external_fire,44,0.010802399672445704,0.04189220070838928
b005_0701,loco_external_fire,44,0.018953179238272496,0.019377589225769043
b005_0702,loco_external_fire,44,0.010167547913848376,0.02513730525970459
b005_0703,loco_external_fire,44,0.011327357810051715,0.01743638515472412
b005_0705,loco_external_fire,44,0.01798846194001495,0.017467975616455078
b005_0706,loco_external_fire,44,0.008019538199315305,0.028863370418548584
b005_0707,loco_external_fire,44,0.008344438965203331,0.019889533519744873
b005_0708,loco_external_fire,44,0.011796911720369683,0.02441507577896118
b005_0709,loco_external_fire,44,0.009855737207365817,0.031123340129852295
b005_0652,loco_external_fire,45,0.006865431539347914,0.019095182418823242
b005_0653,loco_external_fire,45,0.011378163441282804,0.023828566074371338
b005_0654,loco_external_fire,45,0.009469781254158646,0.02678549289703369
b005_0655,loco_external_fire,45,0.011705826784743637,0.021924644708633423
b005_0656,loco_external_fire,45,0.006820197720996669,0.02235424518585205
b005_0657,loco_external_fire,45,0.007332239238942256,0.01894247531890869
b005_0658,loco_external_fire,45,0.008463381743821942,0.020459651947021484
b005_0659,loco_external_fire,45,0.007234781980514526,0.03230774402618408
b005_0660,loco_external_fire,45,0.00944336784667656,0.034066081047058105
b005_0661,loco_external_fire,45,0.007966653001113017,0.03720897436141968
b005_0662,loco_external_fire,45,0.008778886472592588,0.020535796880722046
b005_0663,loco_external_fire,45,0.015705684657956732,0.026360660791397095
b005_0664,loco_external_fire,45,0.012484327447218974,0.02427387237548828
b005_0667,loco_external_fire,45,0.00882005862525252,0.021181821823120117
b005_0668,loco_external_fire,45,0.008341814162301236,0.0187302827835083
b005_0669,loco_external_fire,45,0.006699099159631573,0.023746609687805176
b005_0670,loco_external_fire,45,0.009466648834650634,0.014652729034423828
b005_0671,loco_external_fire,45,0.01165077187975899,0.033608853816986084
b005_0672,loco_external_fire,45,0.0060459658747813744,0.01951920986175537
b005_0675,loco_external_fire,45,0.02088809159935498,0.03232856094837189
b005_0676,loco_external_fire,45,0.008944459381650706,0.027689993381500244
b005_0678,loco_external_fire,45,0.010792483071811864,0.025514066219329834
b005_0679,loco_external_fire,45,0.014447070047503612,0.05733710527420044
b005_0680,loco_external_fire,45,0.009923497428659533,0.024130523204803467
b005_0681,loco_external_fire,45,0.006583024488120782,0.026731669902801514
b005_0682,loco_external_fire,45,0.007084193532584143,0.022277355194091797
b005_0683,loco_external_fire,45,0.018813700705278116,0.00148773193359375
b005_0684,loco_external_fire,45,0.00970228407226625,0.020850419998168945
b005_0685,loco_external_fire,45,0.014700160163347839,0.022802531719207764
b005_0686,loco_external_fire,45,0.011979529359301582,0.02853679656982422
b005_0687,loco_external_fire,45,0.00876949067975654,0.02762049436569214
b005_0688,loco_external_fire,45,0.007219360988648211,0.016031652688980103
b005_0689,loco_external_fire,45,0.010775299590142047,0.02307993173599243
b005_0690,loco_external_fire,45,0.007839174299943642,0.024516701698303223
b005_0691,loco_external_fire,45,0.009214443505787458,0.005985379219055176
b005_0693,loco_external_fire,45,0.01933519884211118,0.024448275566101074
b005_0695,loco_external_fire,45,0.006146905119301843,0.02982228994369507
b005_0696,loco_external_fire,45,0.007976444285424029,0.018073439598083496
b005_0697,loco_external_fire,45,0.0074962165023459764,0.019890934228897095
b005_0698,loco_external_fire,45,0.014889022610226616,0.027555108070373535
b005_0700,loco_external_fire,45,0.007045407519965875,0.03697684407234192
b005_0701,loco_external_fire,45,0.014693306362042661,0.019454777240753174
b005_0702,loco_external_fire,45,0.010202834596399401,0.02568066120147705
b005_0703,loco_external_fire,45,0.0087029474680541,0.017666280269622803
b005_0705,loco_external_fire,45,0.01423855736607411,0.017876267433166504
b005_0706,loco_external_fire,45,0.005849694863694613,0.025912702083587646
b005_0707,loco_external_fire,45,0.00819314332281957,0.018803536891937256
b005_0708,loco_external_fire,45,0.01295158242593046,0.030984997749328613
b005_0709,loco_external_fire,45,0.007267556229575736,0.03199714422225952
b005_0652,loco_external_fire,46,0.010636926430170654,0.017966091632843018
b005_0653,loco_external_fire,46,0.005393459904389304,0.024074316024780273
b005_0654,loco_external_fire,46,0.011708849521934009,0.02779287099838257
b005_0655,loco_external_fire,46,0.013262607523652374,0.016002565622329712
b005_0656,loco_external_fire,46,0.008481692583834539,0.02220994234085083
b005_0657,loco_external_fire,46,0.011181789832037003,0.019521594047546387
b005_0658,loco_external_fire,46,0.008642260901263504,0.020127475261688232
b005_0659,loco_external_fire,46,0.008142690678111842,0.026517391204833984
b005_0660,loco_external_fire,46,0.00855266559319418,0.02653402090072632
b005_0661,loco_external_fire,46,0.006719861607082555,0.02263319492340088
b005_0662,loco_external_fire,46,0.010411337262294332,0.018531382083892822
b005_0663,loco_external_fire,46,0.006191839937303887,0.025877296924591064
b005_0664,loco_external_fire,46,0.013073824712487518,0.025216519832611084
b005_0667,loco_external_fire,46,0.005550649078165899,0.030058622360229492
b005_0668,loco_external_fire,46,0.010011125050607275,0.019365310668945312
b005_0669,loco_external_fire,46,0.007101279057440211,0.024884819984436035
b005_0670,loco_external_fire,46,0.013758242863123535,0.015104234218597412
b005_0671,loco_external_fire,46,0.012749804580797915,0.034327149391174316
b005_0672,loco_external_fire,46,0.006811812275745829,0.01994943618774414
b005_0675,loco_external_fire,46,0.008875000183699562,0.02624952793121338
b005_0676,loco_external_fire,46,0.007676932411115678,0.02493065595626831
b005_0678,loco_external_fire,46,0.01477065706839327,0.023126959800720215
b005_0679,loco_external_fire,46,0.013599072079189489,0.04543882608413696
b005_0680,loco_external_fire,46,0.012633755803108215,0.03843563795089722
b005_0681,loco_external_fire,46,0.00892941189593956,0.015146791934967041
b005_0682,loco_external_fire,46,0.00689936001769832,0.020214617252349854
b005_0683,loco_external_fire,46,0.009940250730905377,0.034112751483917236
b005_0684,loco_external_fire,46,0.007444489930496841,0.02075439691543579
b005_0685,loco_external_fire,46,0.011254148893669004,0.023342669010162354
b005_0686,loco_external_fire,46,0.00976062822537344,0.028759241104125977
b005_0687,loco_external_fire,46,0.010278338535887296,0.021153002977371216
b005_0688,loco_external_fire,46,0.009581665035153999,0.009309947490692139
b005_0689,loco_external_fire,46,0.010273178337050265,0.02384364604949951
b005_0690,loco_external_fire,46,0.010123662284163178,0.022179901599884033
b005_0691,loco_external_fire,46,0.011706237177379796,0.002165079116821289
b005_0693,loco_external_fire,46,0.014066729144971878,0.024786949157714844
b005_0695,loco_external_fire,46,0.006619135375882759,0.0232313871383667
b005_0696,loco_external_fire,46,0.015583223251045728,0.016987204551696777
b005_0697,loco_external_fire,46,0.006222192625530431,0.019380033016204834
b005_0698,loco_external_fire,46,0.010860067410547226,0.024570047855377197
b005_0700,loco_external_fire,46,0.010602021803621386,0.04439505934715271
b005_0701,loco_external_fire,46,0.01339077070111134,0.019538700580596924
b005_0702,loco_external_fire,46,0.010880575805413918,0.025458216667175293
b005_0703,loco_external_fire,46,0.011471500406499769,0.018382251262664795
b005_0705,loco_external_fire,46,0.01574283007715569,0.017335712909698486
b005_0706,loco_external_fire,46,0.005950664154818801,0.01835530996322632
b005_0707,loco_external_fire,46,0.010246110499882307,0.015801846981048584
b005_0708,loco_external_fire,46,0.012210842038764328,0.023369133472442627
b005_0709,loco_external_fire,46,0.012549909656165077,0.03141593933105469
b004_0100,loco_linear,42,0.013308873919189954,0.14678776264190674
b004_0102,loco_linear,42,0.016126382057784033,0.1316257119178772
b004_0116,loco_linear,42,0.012474831743318527,0.14148861169815063
b004_0118,loco_linear,42,0.013977028307367544,0.15609651803970337
b004_0120,loco_linear,42,0.019297280761062123,0.17825031280517578
b004_0123,loco_linear,42,0.03513288204787207,0.24077773094177246
b004_0129,loco_linear,42,0.017663837944875,0.18807101249694824
b004_0135,loco_linear,42,0.015082219585043485,0.1434003710746765
b004_0137,loco_linear,42,0.019980377838259837,0.17017358541488647
b004_0140,loco_linear,42,0.02318122787553756,0.2112770676612854
b004_0161,loco_linear,42,0.018593497940751373,0.20115333795547485
b004_0162,loco_linear,42,0.028302762352052282,0.2311720848083496
b004_0167,loco_linear,42,0.014579903395449529,0.1329948902130127
b004_0173,loco_linear,42,0.026699416461538096,0.21487092971801758
b004_0176,loco_linear,42,0.014584331238856081,0.16425174474716187
b004_0181,loco_linear,42,0.014291705410988604,0.1369754672050476
b004_0187,loco_linear,42,0.03670313123796807,0.24268436431884766
b004_0188,loco_linear,42,0.015863829216019053,0.13896113634109497
b004_0193,loco_linear,42,0.01446174036283962,0.13270854949951172
b004_0194,loco_linear,42,0.01956165081164876,0.1780262589454651
b004_0195,loco_linear,42,0.013026295138187096,0.13367420434951782
b004_0196,loco_linear,42,0.02758789746487727,0.22421008348464966
b004_0197,loco_linear,42,0.015769527095263122,0.13568943738937378
b004_0204,loco_linear,42,0.027237416290846028,0.20092695951461792
b004_0205,loco_linear,42,0.019936451413592356,0.15781086683273315
b004_0233,loco_linear,42,0.026264491628427974,0.21208739280700684
b004_0237,loco_linear,42,0.013181251580597924,0.1595417857170105
b004_0254,loco_linear,42,0.010862494345571174,0.17276591062545776
b004_0259,loco_linear,42,0.022507527324019887,0.2102038860321045
b004_0260,loco_linear,42,0.016261116403048156,0.1876780390739441
b004_0265,loco_linear,42,0.024705287374433924,0.19522994756698608
b004_0267,loco_linear,42,0.016121205247816493,0.18746674060821533
b004_0273,loco_linear,42,0.01954544225677115,0.17425107955932617
b004_0275,loco_linear,42,0.015244976418917297,0.13200068473815918
b004_0295,loco_linear,42,0.020147931868912745,0.1895604133605957
b004_0307,loco_linear,42,0.033383752478927865,0.24690723419189453
b004_0308,loco_linear,42,0.02410487757354486,0.209275484085083
b004_0310,loco_linear,42,0.019065491977285166,0.1840364933013916
b004_0313,loco_linear,42,0.03242217028727297,0.24795949459075928
b004_0318,loco_linear,42,0.03346466236427182,0.2577253580093384
b004_0334,loco_linear,42,0.032971176944795205,0.2587398886680603
b004_0337,loco_linear,42,0.03273035463739614,0.25024306774139404
b004_0338,loco_linear,42,0.017614156007766724,0.17826610803604126
b004_0341,loco_linear,42,0.016867957154258352,0.17551648616790771
b004_0343,loco_linear,42,0.013723664596432546,0.1392049789428711
b004_0344,loco_linear,42,0.035369148997009776,0.25556695461273193
b004_0350,loco_linear,42,0.014388152077549794,0.14806807041168213
b004_0351,loco_linear,42,0.02537290385512055,0.22009259462356567
b004_0354,loco_linear,42,0.01572667941695354,0.17317962646484375
b004_0355,loco_linear,42,0.03038950728588417,0.24624639749526978
b004_0357,loco_linear,42,0.017408890313789494,0.16264575719833374
b004_0360,loco_linear,42,0.019656473740202483,0.13451355695724487
b004_0361,loco_linear,42,0.020797107796199987,0.17911171913146973
b004_0365,loco_linear,42,0.02808477253210349,0.20833873748779297
b004_0374,loco_linear,42,0.014552184304253,0.1556047797203064
b004_0376,loco_linear,42,0.021745042722733296,0.2212960124015808
b004_0380,loco_linear,42,0.027712738904796662,0.1991332769393921
b004_0384,loco_linear,42,0.03142519563925071,0.23746877908706665
b004_0398,loco_linear,42,0.016571387404301127,0.1812698245048523
b005_0158,loco_linear,42,0.03941198059769928,0.26056164503097534
b005_0160,loco_linear,42,0.018041105543980834,0.1922975778579712
b005_0161,loco_linear,42,0.007638496209363468,0.08900845050811768
b005_0162,loco_linear,42,0.030396544542468963,0.23342365026474
b005_0163,loco_linear,42,0.005160820288736312,0.05068749189376831
b005_0164,loco_linear,42,0.011873392296619103,0.13461405038833618
b005_0165,loco_linear,42,0.021607503050663432,0.19114083051681519
b005_0166,loco_linear,42,0.0174467678441376,0.12173551321029663
b005_0167,loco_linear,42,0.03442960977554321,0.24831229448318481
b005_0168,loco_linear,42,0.014376871898526052,0.16888529062271118
b005_0169,loco_linear,42,0.026464921529175806,0.22796791791915894
b005_0170,loco_linear,42,0.012532411540140872,0.16202855110168457
b005_0171,loco_linear,42,0.014240678216590256,0.17450875043869019
b005_0172,loco_linear,42,0.035562362827238486,0.24120664596557617
b005_0173,loco_linear,42,0.01293038589055421,0.12453329563140869
b005_0174,loco_linear,42,0.008997171628670614,0.11705607175827026
b005_0175,loco_linear,42,0.01483572995076414,0.1116061806678772
b005_0176,loco_linear,42,0.005149754344439897,0.04064738750457764
b005_0177,loco_linear,42,0.012993976107386292,0.07506102323532104
b005_0178,loco_linear,42,0.0350487193123239,0.24962836503982544
b005_0179,loco_linear,42,0.014231918288058922,0.1417803168296814
b005_0180,loco_linear,42,0.027552375050841786,0.22775167226791382
b005_0181,loco_linear,42,0.030695864411651112,0.2260478138923645
b005_0182,loco_linear,42,0.017587020504670065,0.1686011552810669
b005_0183,loco_linear,42,0.02076651424658103,0.1854151487350464
b005_0184,loco_linear,42,0.023809483793915294,0.19962668418884277
b005_0185,loco_linear,42,0.024366853667087244,0.18169766664505005
b005_0186,loco_linear,42,0.01250093222641554,0.07657212018966675
b005_0187,loco_linear,42,0.021250565521052627,0.18632394075393677
b005_0188,loco_linear,42,0.03595191240310669,0.23896747827529907
b005_0189,loco_linear,42,0.027067099438338984,0.22288823127746582
b005_0190,loco_linear,42,0.0169959159903839,0.016384780406951904
b005_0191,loco_linear,42,0.01804728195315502,0.08310967683792114
b005_0192,loco_linear,42,0.017521243603503118,0.25228458642959595
b005_0193,loco_linear,42,0.01944655619683813,0.16670924425125122
b005_0194,loco_linear,42,0.010790361488451724,0.11639708280563354
b005_0196,loco_linear,42,0.014686964574407359,0.17065155506134033
b005_0197,loco_linear,42,0.010689218513301162,0.1028738021850586
b005_0198,loco_linear,42,0.014600033642815763,0.13726282119750977
b005_0199,loco_linear,42,0.021025307842942535,0.2086237072944641
b005_0200,loco_linear,42,0.023345856881532512,0.19996362924575806
b005_0201,loco_linear,42,0.013034110430811272,0.06298625469207764
b005_0202,loco_linear,42,0.014257486237854253,0.15883660316467285
b005_0203,loco_linear,42,0.010332836235155825,0.11078602075576782
b005_0204,loco_linear,42,0.03737665395267674,0.25075745582580566
b005_0205,loco_linear,42,0.017756449638820084,0.1321793794631958
b005_0206,loco_linear,42,0.01994890365444246,0.2314034104347229
b005_0207,loco_linear,42,0.0164592016915806,0.16975343227386475
b005_0208,loco_linear,42,0.034861337943155254,0.23519206047058105
b005_0209,loco_linear,42,0.015489702341986484,0.17150253057479858
b005_0210,loco_linear,42,0.025870040791933654,0.22467869520187378
b005_0211,loco_linear,42,0.01754040454254776,0.1919029951095581
b005_0212,loco_linear,42,0.013924904534074127,0.12786221504211426
b005_0213,loco_linear,42,0.00899991625156559,0.08790290355682373
b005_0214,loco_linear,42,0.02443202450627186,0.21325761079788208
b005_0215,loco_linear,42,0.026535485611587275,0.21961098909378052
b005_0216,loco_linear,42,0.02721587067744771,0.20249629020690918
b005_0217,loco_linear,42,0.019969118178867904,0.1545451283454895
b005_0218,loco_linear,42,0.024215580010023274,0.18863242864608765
b005_0219,loco_linear,42,0.016537027647260758,0.07234388589859009
b005_0220,loco_linear,42,0.011422895750061411,0.10744786262512207
b005_0221,loco_linear,42,0.028163661722277033,0.2277478575706482
b005_0222,loco_linear,42,0.006851915575441767,0.051975250244140625
b005_0223,loco_linear,42,0.023349306622489553,0.229461669921875
b005_0224,loco_linear,42,0.011316836246701538,0.12274420261383057
b005_0225,loco_linear,42,0.017947375774383545,0.19122445583343506
b004_0100,loco_linear,43,0.015339305654900973,0.11309021711349487
b004_0102,loco_linear,43,0.012784948114488945,0.08436858654022217
b004_0116,loco_linear,43,0.01029999529729124,0.0711410641670227
b004_0118,loco_linear,43,0.012559509179631218,0.08365947008132935
b004_0120,loco_linear,43,0.014459589954282417,0.13256984949111938
b004_0123,loco_linear,43,0.04941400348163042,0.2613018751144409
b004_0129,loco_linear,43,0.014051126652076596,0.1524239182472229
b004_0135,loco_linear,43,0.010834027509220311,0.07628780603408813
b004_0137,loco_linear,43,0.01643301326720441,0.1263677477836609
b004_0140,loco_linear,43,0.017662161197818695,0.1824960708618164
b004_0161,loco_linear,43,0.01574339925265703,0.16192305088043213
b004_0162,loco_linear,43,0.0436922800345499,0.2513848543167114
b004_0167,loco_linear,43,0.012448570767387014,0.0777050256729126
b004_0173,loco_linear,43,0.02146365945456458,0.16877704858779907
b004_0176,loco_linear,43,0.010692897878709386,0.09483051300048828
b004_0181,loco_linear,43,0.012586495426834607,0.07300835847854614
b004_0187,loco_linear,43,0.0533012894333386,0.27600353956222534
b004_0188,loco_linear,43,0.014285555628479505,0.06555122137069702
b004_0193,loco_linear,43,0.01191431332807072,0.07169920206069946
b004_0194,loco_linear,43,0.013534067107028648,0.13714909553527832
b004_0195,loco_linear,43,0.009546425498899867,0.08151376247406006
b004_0196,loco_linear,43,0.04460853533666642,0.2504063844680786
b004_0197,loco_linear,43,0.010587004853076622,0.08508121967315674
b004_0204,loco_linear,43,0.02369975897132373,0.17401093244552612
b004_0205,loco_linear,43,0.014811763020812488,0.08957123756408691
b004_0233,loco_linear,43,0.04110601202386324,0.2334795594215393
b004_0237,loco_linear,43,0.01116932855277765,0.08219391107559204
b004_0254,loco_linear,43,0.009787707788045288,0.09749233722686768
b004_0259,loco_linear,43,0.018675547642785995,0.17107826471328735
b004_0260,loco_linear,43,0.015560151123609698,0.1604967713356018
b004_0265,loco_linear,43,0.020654441880398108,0.16144144535064697
b004_0267,loco_linear,43,0.01618009072835328,0.1549370288848877
b004_0273,loco_linear,43,0.015888487217856236,0.13797813653945923
b004_0275,loco_linear,43,0.010066490681445012,0.0659945011138916
b004_0295,loco_linear,43,0.016744419688084086,0.1426171064376831
b004_0307,loco_linear,43,0.050462650471046325,0.2748469114303589
b004_0308,loco_linear,43,0.03791829894800655,0.22532838582992554
b004_0310,loco_linear,43,0.013950135375632614,0.1426180601119995
b004_0313,loco_linear,43,0.04982450848720113,0.27202850580215454
b004_0318,loco_linear,43,0.049686342966361124,0.27665477991104126
b004_0334,loco_linear,43,0.04895662479713315,0.2760927677154541
b004_0337,loco_linear,43,0.046240936537257964,0.2679346799850464
b004_0338,loco_linear,43,0.015466009984250928,0.1435302495956421
b004_0341,loco_linear,43,0.013574609990979805,0.14626258611679077
b004_0343,loco_linear,43,0.011598991566017026,0.06394898891448975
b004_0344,loco_linear,43,0.04914407651932513,0.27528446912765503
b004_0350,loco_linear,43,0.00884040750441004,0.09038311243057251
b004_0351,loco_linear,43,0.04297438605886991,0.24438178539276123
b004_0354,loco_linear,43,0.012941916946504936,0.1100044846534729
b004_0355,loco_linear,43,0.04693154428826004,0.2656738758087158
b004_0357,loco_linear,43,0.012980822656975418,0.08046448230743408
b004_0360,loco_linear,43,0.015973844000550567,0.07208985090255737
b004_0361,loco_linear,43,0.020008722289663848,0.10323894023895264
b004_0365,loco_linear,43,0.04278386714028531,0.2261788249015808
b004_0374,loco_linear,43,0.011802314490568443,0.09400433301925659
b004_0376,loco_linear,43,0.01949397120319429,0.1865006685256958
b004_0380,loco_linear,43,0.020544173287563635,0.14607173204421997
b004_0384,loco_linear,43,0.04803462399811041,0.2614107131958008
b004_0398,loco_linear,43,0.013673047550389023,0.14349466562271118
b005_0158,loco_linear,43,0.05898580101669812,0.27579569816589355
b005_0160,loco_linear,43,0.018063704498478623,0.1478676199913025
b005_0161,loco_linear,43,0.010193081419976031,0.045630812644958496
b005_0162,loco_linear,43,0.050124799618955516,0.2515161633491516
b005_0163,loco_linear,43,0.00600904324015633,0.05958825349807739
b005_0164,loco_linear,43,0.010166247360041885,0.05778932571411133
b005_0165,loco_linear,43,0.021358816350092652,0.1758984923362732
b005_0166,loco_linear,43,0.016137224973225204,0.06767314672470093
b005_0167,loco_linear,43,0.04633237690222068,0.275124728679657
b005_0168,loco_linear,43,0.014766281745472893,0.11041098833084106
b005_0169,loco_linear,43,0.028878616504981868,0.2366478443145752
b005_0170,loco_linear,43,0.01177861138445432,0.08062505722045898
b005_0171,loco_linear,43,0.01398698374873302,0.11241722106933594
b005_0172,loco_linear,43,0.05064070029336898,0.2673329710960388
b005_0173,loco_linear,43,0.010379495190792397,0.07435530424118042
b005_0174,loco_linear,43,0.009002619102352956,0.12516248226165771
b005_0175,loco_linear,43,0.017469757160202402,0.08093583583831787
b005_0176,loco_linear,43,0.005645720685114626,0.04550457000732422
b005_0177,loco_linear,43,0.010916125701099146,0.047111332416534424
b005_0178,loco_linear,43,0.050572424638466756,0.261813759803772
b005_0179,loco_linear,43,0.010323846926454638,0.08390605449676514
b005_0180,loco_linear,43,0.0363227656630219,0.25175929069519043
b005_0181,loco_linear,43,0.04438889417491975,0.23494648933410645
b005_0182,loco_linear,43,0.016555703321441274,0.08995097875595093
b005_0183,loco_linear,43,0.025321199268591207,0.19096773862838745
b005_0184,loco_linear,43,0.02979262637310341,0.21563655138015747
b005_0185,loco_linear,43,0.02542876317852833,0.19210243225097656
b005_0186,loco_linear,43,0.012506446877463918,0.05475345253944397
b005_0187,loco_linear,43,0.015678007094586482,0.14984405040740967
b005_0188,loco_linear,43,0.04710449449351577,0.25384777784347534
b005_0189,loco_linear,43,0.033474995464575094,0.24025899171829224
b005_0190,loco_linear,43,0.019246700967921585,0.007982373237609863
b005_0191,loco_linear,43,0.01258769093966875,0.06168389320373535
b005_0192,loco_linear,43,0.018231292239955215,0.26269233226776123
b005_0193,loco_linear,43,0.016975403320593913,0.15559154748916626
b005_0194,loco_linear,43,0.009889335661637978,0.051242709159851074
b005_0196,loco_linear,43,0.014142707723085998,0.1228981614112854
b005_0197,loco_linear,43,0.00902799602414741,0.062120258808135986
b005_0198,loco_linear,43,0.012143854235039383,0.07458925247192383
b005_0199,loco_linear,43,0.022500999638291656,0.21508461236953735
b005_0200,loco_linear,43,0.020613810566605113,0.18086159229278564
b005_0201,loco_linear,43,0.00862352159179625,0.04063481092453003
b005_0202,loco_linear,43,0.013240608524103633,0.08266806602478027
b005_0203,loco_linear,43,0.010510272178493563,0.08011496067047119
b005_0204,loco_linear,43,0.04769501627468672,0.2575695514678955
b005_0205,loco_linear,43,0.012788557371155161,0.06892776489257812
b005_0206,loco_linear,43,0.021250012468119136,0.2422267198562622
b005_0207,loco_linear,43,0.01747036175649674,0.14609014987945557
b005_0208,loco_linear,43,0.048706878404148286,0.2603018283843994
b005_0209,loco_linear,43,0.01380546757432281,0.12130469083786011
b005_0210,loco_linear,43,0.03329185872781472,0.24597489833831787
b005_0211,loco_linear,43,0.014935846211480313,0.13134312629699707
b005_0212,loco_linear,43,0.01163978581545783,0.06947124004364014
b005_0213,loco_linear,43,0.008366553876243655,0.042621910572052
b005_0214,loco_linear,43,0.02145255002819124,0.20064330101013184
b005_0215,loco_linear,43,0.04078735777589142,0.23761266469955444
b005_0216,loco_linear,43,0.035860510146031616,0.21836304664611816
b005_0217,loco_linear,43,0.015978358075266978,0.09815359115600586
b005_0218,loco_linear,43,0.024078168829933543,0.19865071773529053
b005_0219,loco_linear,43,0.012407018146553978,0.04860711097717285
b005_0220,loco_linear,43,0.012943174506797165,0.0747445821762085
b005_0221,loco_linear,43,0.032230963472460135,0.24288618564605713
b005_0222,loco_linear,43,0.0074139333894995395,0.036469221115112305
b005_0223,loco_linear,43,0.024820106928465795,0.240719735622406
b005_0224,loco_linear,43,0.011148081084743876,0.0940825343132019
b005_0225,loco_linear,43,0.02443150809553803,0.2068498134613037
b004_0100,loco_linear,44,0.018572192700182805,0.1278488039970398
b004_0102,loco_linear,44,0.015199002672414311,0.11057460308074951
b004_0116,loco_linear,44,0.010697747351693326,0.09953069686889648
b004_0118,loco_linear,44,0.01321269449640493,0.10571807622909546
b004_0120,loco_linear,44,0.018427848327355306,0.14830726385116577
b004_0123,loco_linear,44,0.050197041425548615,0.250904381275177
b004_0129,loco_linear,44,0.016190953919144928,0.16520220041275024
b004_0135,loco_linear,44,0.014486173625852241,0.09485328197479248
b004_0137,loco_linear,44,0.01902505169149305,0.15204071998596191
b004_0140,loco_linear,44,0.020750533361903956,0.19092309474945068
b004_0161,loco_linear,44,0.01905269603260228,0.17560148239135742
b004_0162,loco_linear,44,0.045262364090466106,0.24069374799728394
b004_0167,loco_linear,44,0.015583096957597577,0.11129963397979736
b004_0173,loco_linear,44,0.024701373987510555,0.18933576345443726
b004_0176,loco_linear,44,0.012781538924232859,0.12219393253326416
b004_0181,loco_linear,44,0.0137868482069891,0.09395647048950195
b004_0187,loco_linear,44,0.05591167094277554,0.26624375581741333
b004_0188,loco_linear,44,0.015071387173699552,0.09019523859024048
b004_0193,loco_linear,44,0.014534408440355395,0.10424578189849854
b004_0194,loco_linear,44,0.014610371628745657,0.15754085779190063
b004_0195,loco_linear,44,0.011083994243965774,0.10023695230484009
b004_0196,loco_linear,44,0.046327477595845205,0.23991650342941284
b004_0197,loco_linear,44,0.015163508106450566,0.0977371335029602
b004_0204,loco_linear,44,0.025409574391411952,0.17863917350769043
b004_0205,loco_linear,44,0.01863584459805098,0.11989057064056396
b004_0233,loco_linear,44,0.043949882515141224,0.2253597378730774
b004_0237,loco_linear,44,0.013262811742845129,0.1167452335357666
b004_0254,loco_linear,44,0.012596833412764503,0.13207894563674927
b004_0259,loco_linear,44,0.022370352119695944,0.18937647342681885
b004_0260,loco_linear,44,0.017592211238673477,0.17124098539352417
b004_0265,loco_linear,44,0.02629871837428359,0.17911237478256226
b004_0267,loco_linear,44,0.01669348409918488,0.17140930891036987
b004_0273,loco_linear,44,0.019726317436968694,0.15419477224349976
b004_0275,loco_linear,44,0.010036839813482567,0.09476304054260254
b004_0295,loco_linear,44,0.020344225598163294,0.16299325227737427
b004_0307,loco_linear,44,0.0524135124487955,0.2626284956932068
b004_0308,loco_linear,44,0.04357890222893387,0.2166028618812561
b004_0310,loco_linear,44,0.016818583988752522,0.16070175170898438
b004_0313,loco_linear,44,0.05113501724649648,0.2591460943222046
b004_0318,loco_linear,44,0.05180250328095233,0.26872074604034424
b004_0334,loco_linear,44,0.05074020682788286,0.2656606435775757
b004_0337,loco_linear,44,0.047372969447589314,0.25661665201187134
b004_0338,loco_linear,44,0.018798315134204803,0.15792548656463623
b004_0341,loco_linear,44,0.018832308347107935,0.158186137676239
b004_0343,loco_linear,44,0.012189043838469709,0.10661548376083374
b004_0344,loco_linear,44,0.05593883502678793,0.2564983367919922
b004_0350,loco_linear,44,0.011329418323079094,0.11420810222625732
b004_0351,loco_linear,44,0.04642120443406652,0.23308080434799194
b004_0354,loco_linear,44,0.01685222152803765,0.1429145336151123
b004_0355,loco_linear,44,0.05080227187422455,0.25678664445877075
b004_0357,loco_linear,44,0.013570281570074989,0.11685943603515625
b004_0360,loco_linear,44,0.01644979857030462,0.09945577383041382
b004_0361,loco_linear,44,0.02082588047277732,0.13836610317230225
b004_0365,loco_linear,44,0.045856319490026255,0.21610450744628906
b004_0374,loco_linear,44,0.014801393522590887,0.12785273790359497
b004_0376,loco_linear,44,0.02288424919863216,0.1910882592201233
b004_0380,loco_linear,44,0.027324987728087627,0.17027121782302856
b004_0384,loco_linear,44,0.050667840926373595,0.25218796730041504
b004_0398,loco_linear,44,0.017225326084699788,0.16214072704315186
b005_0158,loco_linear,44,0.05977280706655784,0.2705112099647522
b005_0160,loco_linear,44,0.017435697747058557,0.16749465465545654
b005_0161,loco_linear,44,0.009380879216506833,0.0727003812789917
b005_0162,loco_linear,44,0.051464844922550386,0.24371272325515747
b005_0163,loco_linear,44,0.005754722923528952,0.05960249900817871
b005_0164,loco_linear,44,0.01304541064090416,0.10057973861694336
b005_0165,loco_linear,44,0.02376442512527841,0.17781108617782593
b005_0166,loco_linear,44,0.018042660394652944,0.10500240325927734
b005_0167,loco_linear,44,0.04872127830005083,0.25988560914993286
b005_0168,loco_linear,44,0.012861513212078908,0.13766813278198242
b005_0169,loco_linear,44,0.028970144811223765,0.23609882593154907
b005_0170,loco_linear,44,0.008743516734389008,0.12036186456680298
b005_0171,loco_linear,44,0.014627660884231817,0.1410086750984192
b005_0172,loco_linear,44,0.052755721279832184,0.25567764043807983
b005_0173,loco_linear,44,0.010524903653097934,0.10364967584609985
b005_0174,loco_linear,44,0.008769564941281179,0.12348783016204834
b005_0175,loco_linear,44,0.01401224781255253,0.09942388534545898
b005_0176,loco_linear,44,0.005298187498186455,0.043534696102142334
b005_0177,loco_linear,44,0.011774353682994843,0.062404096126556396
b005_0178,loco_linear,44,0.05334690848334891,0.2578527331352234
b005_0179,loco_linear,44,0.014816714603392804,0.10979264974594116
b005_0180,loco_linear,44,0.040442392474315206,0.2390427589416504
b005_0181,loco_linear,44,0.045682890493361675,0.231822669506073
b005_0182,loco_linear,44,0.019558636380023645,0.1149744987487793
b005_0183,loco_linear,44,0.024315516479679795,0.18567055463790894
b005_0184,loco_linear,44,0.03590253532909956,0.20289576053619385
b005_0185,loco_linear,44,0.028994363839509058,0.173936128616333
b005_0186,loco_linear,44,0.011149146273487905,0.053756773471832275
b005_0187,loco_linear,44,0.01875570074456637,0.17325282096862793
b005_0188,loco_linear,44,0.04894605523250142,0.24998778104782104
b005_0189,loco_linear,44,0.035036661585823435,0.22609931230545044
b005_0190,loco_linear,44,0.015294472213651314,0.00953596830368042
b005_0191,loco_linear,44,0.016875545509525986,0.07674998044967651
b005_0192,loco_linear,44,0.01811987259348885,0.26383572816848755
b005_0193,loco_linear,44,0.022417911740600087,0.14724361896514893
b005_0194,loco_linear,44,0.011290579057130658,0.08170169591903687
b005_0196,loco_linear,44,0.015452743065161784,0.1484060287475586
b005_0197,loco_linear,44,0.009088874840345538,0.08787095546722412
b005_0198,loco_linear,44,0.014941616136519635,0.1085081696510315
b005_0199,loco_linear,44,0.024008147052076996,0.20131659507751465
b005_0200,loco_linear,44,0.02656430494589884,0.1857137680053711
b005_0201,loco_linear,44,0.011105297530283694,0.06105834245681763
b005_0202,loco_linear,44,0.013125325324105435,0.11349451541900635
b005_0203,loco_linear,44,0.009024702378960907,0.09732842445373535
b005_0204,loco_linear,44,0.04901200142063079,0.2547343969345093
b005_0205,loco_linear,44,0.016953503987828238,0.10464972257614136
b005_0206,loco_linear,44,0.02095330738630451,0.24050647020339966
b005_0207,loco_linear,44,0.021614356607687277,0.1626759171485901
b005_0208,loco_linear,44,0.050349494472878877,0.25537389516830444
b005_0209,loco_linear,44,0.017046635756727126,0.14381366968154907
b005_0210,loco_linear,44,0.0381376606519105,0.226412832736969
b005_0211,loco_linear,44,0.014034486207805697,0.15773266553878784
b005_0212,loco_linear,44,0.011810111462092791,0.0966482162475586
b005_0213,loco_linear,44,0.009168103459428568,0.0682860016822815
b005_0214,loco_linear,44,0.029995692557975896,0.198114812374115
b005_0215,loco_linear,44,0.044731948219361856,0.22882825136184692
b005_0216,loco_linear,44,0.03611363836976349,0.21606099605560303
b005_0217,loco_linear,44,0.01972797317583053,0.12349808216094971
b005_0218,loco_linear,44,0.02852747723704479,0.18492496013641357
b005_0219,loco_linear,44,0.014235542079464335,0.05644434690475464
b005_0220,loco_linear,44,0.011747735201335345,0.08925473690032959
b005_0221,loco_linear,44,0.03821477831387129,0.22827410697937012
b005_0222,loco_linear,44,0.007367753713834481,0.05466949939727783
b005_0223,loco_linear,44,0.024445570883203725,0.2381078600883484
b005_0224,loco_linear,44,0.010762607220743523,0.10842633247375488
b005_0225,loco_linear,44,0.02076760667269347,0.18662524223327637
b004_0100,loco_linear,45,0.028481193253251373,0.21537810564041138
b004_0102,loco_linear,45,0.025826092870509038,0.1947537660598755
b004_0116,loco_linear,45,0.022330370349962204,0.18412774801254272
b004_0118,loco_linear,45,0.01797752815191863,0.19872123003005981
b004_0120,loco_linear,45,0.03851345328033948,0.2453121542930603
b004_0123,loco_linear,45,0.07132246357495667,0.26649904251098633
b004_0129,loco_linear,45,0.03315351537016571,0.24149870872497559
b004_0135,loco_linear,45,0.025617089427885462,0.18774765729904175
b004_0137,loco_linear,45,0.04252726865596459,0.2479589581489563
b004_0140,loco_linear,45,0.043520846816359975,0.26846837997436523
b004_0161,loco_linear,45,0.036568440374780874,0.25846314430236816
b004_0162,loco_linear,45,0.06669412968588657,0.25648897886276245
b004_0167,loco_linear,45,0.02471330322203089,0.19703614711761475
b004_0173,loco_linear,45,0.04039576405384501,0.262066125869751
b004_0176,loco_linear,45,0.024660577050975113,0.20753902196884155
b004_0181,loco_linear,45,0.023453509709874136,0.18642354011535645
b004_0187,loco_linear,45,0.07496912459858128,0.28842729330062866
b004_0188,loco_linear,45,0.02145432180068532,0.18596041202545166
b004_0193,loco_linear,45,0.026599337331584243,0.19600433111190796
b004_0194,loco_linear,45,0.036974938189397094,0.24130457639694214
b004_0195,loco_linear,45,0.026036996577606827,0.19870471954345703
b004_0196,loco_linear,45,0.06673566142066581,0.2564097046852112
b004_0197,loco_linear,45,0.027035705134516856,0.1920282244682312
b004_0204,loco_linear,45,0.044515033237269665,0.27232593297958374
b004_0205,loco_linear,45,0.029915905389629426,0.21237176656723022
b004_0233,loco_linear,45,0.06143741822633587,0.23962843418121338
b004_0237,loco_linear,45,0.02643387923475172,0.21355050802230835
b004_0254,loco_linear,45,0.022893176704156595,0.22687268257141113
b004_0259,loco_linear,45,0.03919669790346114,0.2716919183731079
b004_0260,loco_linear,45,0.037710756063461304,0.25077885389328003
b004_0265,loco_linear,45,0.04427385672194059,0.2814858555793762
b004_0267,loco_linear,45,0.03983049216817637,0.24211198091506958
b004_0273,loco_linear,45,0.03694531174956775,0.2478380799293518
b004_0275,loco_linear,45,0.022755112560068975,0.1873692274093628
b004_0295,loco_linear,45,0.034304237756572785,0.2447432279586792
b004_0307,loco_linear,45,0.07403004853451839,0.28037846088409424
b004_0308,loco_linear,45,0.06100118355672868,0.2276821732521057
b004_0310,loco_linear,45,0.03612543080673843,0.23534584045410156
b004_0313,loco_linear,45,0.07635917624489205,0.2801607847213745
b004_0318,loco_linear,45,0.07303840605939022,0.28130459785461426
b004_0334,loco_linear,45,0.07460955811328575,0.28022873401641846
b004_0337,loco_linear,45,0.06998703518851859,0.27293330430984497
b004_0338,loco_linear,45,0.04063340728400183,0.2492612600326538
b004_0341,loco_linear,45,0.03853232157034952,0.2449929118156433
b004_0343,loco_linear,45,0.023709243926845612,0.19852197170257568
b004_0344,loco_linear,45,0.07356811840026105,0.2801743745803833
b004_0350,loco_linear,45,0.023325802605660237,0.20849597454071045
b004_0351,loco_linear,45,0.06667545975231734,0.2532603144645691
b004_0354,loco_linear,45,0.026643326047991144,0.2378619909286499
b004_0355,loco_linear,45,0.07182891544748525,0.27093732357025146
b004_0357,loco_linear,45,0.026212207850862722,0.21054071187973022
b004_0360,loco_linear,45,0.029673882683769602,0.1902586817741394
b004_0361,loco_linear,45,0.03163379772764738,0.23115956783294678
b004_0365,loco_linear,45,0.06522685191670402,0.23096537590026855
b004_0374,loco_linear,45,0.026342667028552195,0.22041285037994385
b004_0376,loco_linear,45,0.034065395105080526,0.26872628927230835
b004_0380,loco_linear,45,0.0446850203099798,0.28825896978378296
b004_0384,loco_linear,45,0.06980135694879,0.26848864555358887
b004_0398,loco_linear,45,0.03433695240098922,0.24281060695648193
b005_0158,loco_linear,45,0.07558761561503176,0.278419554233551
b005_0160,loco_linear,45,0.031654147339648886,0.22946268320083618
b005_0161,loco_linear,45,0.011868823014321874,0.10218393802642822
b005_0162,loco_linear,45,0.0752286139081736,0.25738728046417236
b005_0163,loco_linear,45,0.005854716066454277,0.06345677375793457
b005_0164,loco_linear,45,0.019188922936799097,0.19941532611846924
b005_0165,loco_linear,45,0.03605458726648424,0.24196559190750122
b005_0166,loco_linear,45,0.024186656367583353,0.18325364589691162
b005_0167,loco_linear,45,0.06788951842511287,0.2842754125595093
b005_0168,loco_linear,45,0.02884129569178722,0.24249708652496338
b005_0169,loco_linear,45,0.029563093771699998,0.23991882801055908
b005_0170,loco_linear,45,0.019285958077086777,0.20861995220184326
b005_0171,loco_linear,45,0.02976150737434137,0.2378770112991333
b005_0172,loco_linear,45,0.07581554377665285,0.27249258756637573
b005_0173,loco_linear,45,0.019716931659667217,0.1765446662902832
b005_0174,loco_linear,45,0.008937144865755175,0.12791013717651367
b005_0175,loco_linear,45,0.01804395191005019,0.12096947431564331
b005_0176,loco_linear,45,0.005691070048535456,0.047734975814819336
b005_0177,loco_linear,45,0.01661932346273641,0.09679722785949707
b005_0178,loco_linear,45,0.06212105321102455,0.26422590017318726
b005_0179,loco_linear,45,0.022130144912688457,0.19823020696640015
b005_0180,loco_linear,45,0.05987447891079011,0.2641081213951111
b005_0181,loco_linear,45,0.050202689209922415,0.2374841570854187
b005_0182,loco_linear,45,0.027758106833598653,0.21583032608032227
b005_0183,loco_linear,45,0.039071038609645406,0.2375546097755432
b005_0184,loco_linear,45,0.05104190404297876,0.2250719666481018
b005_0185,loco_linear,45,0.040313021569955546,0.22859585285186768
b005_0186,loco_linear,45,0.01581737789951387,0.08487570285797119
b005_0187,loco_linear,45,0.03994129182862454,0.25468337535858154
b005_0188,loco_linear,45,0.054947668411692636,0.2568039298057556
b005_0189,loco_linear,45,0.05052428558224537,0.25157368183135986
b005_0190,loco_linear,45,0.01687637948599018,0.019243955612182617
b005_0191,loco_linear,45,0.015215237609675674,0.0985977053642273
b005_0192,loco_linear,45,0.018506138051142457,0.2695844769477844
b005_0193,loco_linear,45,0.03741153292968625,0.23372256755828857
b005_0194,loco_linear,45,0.01757368396540157,0.15245217084884644
b005_0196,loco_linear,45,0.027211858112303935,0.22697573900222778
b005_0197,loco_linear,45,0.017004289343708852,0.14648669958114624
b005_0198,loco_linear,45,0.01981287461812379,0.18231302499771118
b005_0199,loco_linear,45,0.04040065456609257,0.25463223457336426
b005_0200,loco_linear,45,0.03643909878418094,0.2682178020477295
b005_0201,loco_linear,45,0.01252817899965849,0.08940184116363525
b005_0202,loco_linear,45,0.024182000609694936,0.22273099422454834
b005_0203,loco_linear,45,0.018863698986710094,0.14671987295150757
b005_0204,loco_linear,45,0.05259966850280762,0.26087474822998047
b005_0205,loco_linear,45,0.02577715892283643,0.18077367544174194
b005_0206,loco_linear,45,0.021599007434532292,0.24547231197357178
b005_0207,loco_linear,45,0.04259615599131975,0.2593981623649597
b005_0208,loco_linear,45,0.05723770329209625,0.2647162675857544
b005_0209,loco_linear,45,0.02858095139753623,0.224725604057312
b005_0210,loco_linear,45,0.053988097143954916,0.2605856657028198
b005_0211,loco_linear,45,0.030308007705407064,0.25842779874801636
b005_0212,loco_linear,45,0.022748626402167023,0.1745043396949768
b005_0213,loco_linear,45,0.012011928636519635,0.11596298217773438
b005_0214,loco_linear,45,0.04275365344813613,0.2528713345527649
b005_0215,loco_linear,45,0.06288374642856785,0.24224990606307983
b005_0216,loco_linear,45,0.03817492039477239,0.2214571237564087
b005_0217,loco_linear,45,0.031866650845183704,0.21002930402755737
b005_0218,loco_linear,45,0.03854515122585609,0.24212157726287842
b005_0219,loco_linear,45,0.01704251436425037,0.10935568809509277
b005_0220,loco_linear,45,0.01646143356796171,0.12508565187454224
b005_0221,loco_linear,45,0.05422538616618172,0.2527018189430237
b005_0222,loco_linear,45,0.011021145543114085,0.06265449523925781
b005_0223,loco_linear,45,0.025157903061538447,0.24358630180358887
b005_0224,loco_linear,45,0.014318032220738833,0.14156949520111084
b005_0225,loco_linear,45,0.04028674911280147,0.239362895488739
b004_0100,loco_linear,46,0.015749769621208064,0.11174631118774414
b004_0102,loco_linear,46,0.012953023441502304,0.11081105470657349
b004_0116,loco_linear,46,0.01149175426021951,0.09416121244430542
b004_0118,loco_linear,46,0.012973225263298535,0.13052010536193848
b004_0120,loco_linear,46,0.02015753212522288,0.1417100429534912
b004_0123,loco_linear,46,0.04094519185238197,0.2332364320755005
b004_0129,loco_linear,46,0.020127770353536138,0.1674283742904663
b004_0135,loco_linear,46,0.009746791886501625,0.10128062963485718
b004_0137,loco_linear,46,0.014154203602525055,0.14537030458450317
b004_0140,loco_linear,46,0.016994611161654113,0.18392765522003174
b004_0161,loco_linear,46,0.018516608437553782,0.1673600673675537
b004_0162,loco_linear,46,0.03623000031611959,0.22326761484146118
b004_0167,loco_linear,46,0.01127715530942698,0.11724245548248291
b004_0173,loco_linear,46,0.021375768985904632,0.1878005862236023
b004_0176,loco_linear,46,0.010516594667903712,0.12906259298324585
b004_0181,loco_linear,46,0.010015876566777463,0.10852420330047607
b004_0187,loco_linear,46,0.044513293954192616,0.23568320274353027
b004_0188,loco_linear,46,0.014699484969748825,0.0961688756942749
b004_0193,loco_linear,46,0.009230740246225576,0.10602879524230957
b004_0194,loco_linear,46,0.015616175092634608,0.15838724374771118
b004_0195,loco_linear,46,0.01056994131354035,0.10768258571624756
b004_0196,loco_linear,46,0.03434997308449667,0.2183746099472046
b004_0197,loco_linear,46,0.011570858173683042,0.11122030019760132
b004_0204,loco_linear,46,0.01960834616520366,0.16474515199661255
b004_0205,loco_linear,46,0.014953190185984627,0.12466579675674438
b004_0233,loco_linear,46,0.0331990445246462,0.20437496900558472
b004_0237,loco_linear,46,0.011086709675241689,0.12726449966430664
b004_0254,loco_linear,46,0.013029249476604774,0.15362471342086792
b004_0259,loco_linear,46,0.02047411095900614,0.18004584312438965
b004_0260,loco_linear,46,0.015869970692962896,0.15503883361816406
b004_0265,loco_linear,46,0.02253052347996196,0.17276686429977417
b004_0267,loco_linear,46,0.0129341365861111,0.1581297516822815
b004_0273,loco_linear,46,0.02045942183400764,0.15922802686691284
b004_0275,loco_linear,46,0.01054286614793246,0.09520363807678223
b004_0295,loco_linear,46,0.01989853870673258,0.16078460216522217
b004_0307,loco_linear,46,0.04020301631239594,0.24364519119262695
b004_0308,loco_linear,46,0.04591513657179035,0.20441222190856934
b004_0310,loco_linear,46,0.01713469868800679,0.14968407154083252
b004_0313,loco_linear,46,0.04027053958079854,0.2353229522705078
b004_0318,loco_linear,46,0.04095131451966333,0.2514522075653076
b004_0334,loco_linear,46,0.0436513111239574,0.24738794565200806
b004_0337,loco_linear,46,0.043431496033903026,0.2418920397758484
b004_0338,loco_linear,46,0.014421031123302022,0.15201276540756226
b004_0341,loco_linear,46,0.014327395646298518,0.14752167463302612
b004_0343,loco_linear,46,0.01179238079024143,0.10667014122009277
b004_0344,loco_linear,46,0.038544238590803304,0.2403293251991272
b004_0350,loco_linear,46,0.011603241572614576,0.11467057466506958
b004_0351,loco_linear,46,0.033149343045031435,0.2079368233680725
b004_0354,loco_linear,46,0.01391151352006881,0.14341598749160767
b004_0355,loco_linear,46,0.035799036260511057,0.23199462890625
b004_0357,loco_linear,46,0.013775434894639938,0.12082022428512573
b004_0360,loco_linear,46,0.01652286775776597,0.08961594104766846
b004_0361,loco_linear,46,0.01816140677108139,0.14230412244796753
b004_0365,loco_linear,46,0.031780681649192434,0.19306135177612305
b004_0374,loco_linear,46,0.010435571191740817,0.1296561360359192
b004_0376,loco_linear,46,0.03034030951437403,0.20781564712524414
b004_0380,loco_linear,46,0.02328463949140955,0.16402989625930786
b004_0384,loco_linear,46,0.03655635040314471,0.22757279872894287
b004_0398,loco_linear,46,0.014944459082650357,0.15915918350219727
b005_0158,loco_linear,46,0.050355154959881895,0.25300854444503784
b005_0160,loco_linear,46,0.018832812543775213,0.1700170636177063
b005_0161,loco_linear,46,0.009295558587449496,0.06678855419158936
b005_0162,loco_linear,46,0.040633763446182504,0.22482460737228394
b005_0163,loco_linear,46,0.004908417091994989,0.047861576080322266
b005_0164,loco_linear,46,0.013958372542115509,0.11311763525009155
b005_0165,loco_linear,46,0.033518408165603385,0.17567741870880127
b005_0166,loco_linear,46,0.0173565645198353,0.1301622986793518
b005_0167,loco_linear,46,0.045571012575118267,0.2396252155303955
b005_0168,loco_linear,46,0.015881589201630138,0.1458526849746704
b005_0169,loco_linear,46,0.026607252535272817,0.22291982173919678
b005_0170,loco_linear,46,0.008691356074614603,0.1192469596862793
b005_0171,loco_linear,46,0.014449868534432083,0.14096200466156006
b005_0172,loco_linear,46,0.039805658528062164,0.2322169542312622
b005_0173,loco_linear,46,0.01451021677157918,0.11509597301483154
b005_0174,loco_linear,46,0.008340885404680596,0.1164095401763916
b005_0175,loco_linear,46,0.015222404823928583,0.0994337797164917
b005_0176,loco_linear,46,0.005087543706424901,0.038376450538635254
b005_0177,loco_linear,46,0.011875890561791717,0.08119463920593262
b005_0178,loco_linear,46,0.04214769015546705,0.2384014129638672
b005_0179,loco_linear,46,0.014884142113513634,0.11605143547058105
b005_0180,loco_linear,46,0.04625162335692859,0.2223721742630005
b005_0181,loco_linear,46,0.04097632111095991,0.22538769245147705
b005_0182,loco_linear,46,0.015467560926421743,0.12319493293762207
b005_0183,loco_linear,46,0.0316990535767352,0.1822885274887085
b005_0184,loco_linear,46,0.03756539059467003,0.1960601806640625
b005_0185,loco_linear,46,0.041819683841017426,0.18649530410766602
b005_0186,loco_linear,46,0.009915665036342183,0.06607741117477417
b005_0187,loco_linear,46,0.017770218067481868,0.16413211822509766
b005_0188,loco_linear,46,0.04173798248416088,0.23277080059051514
b005_0189,loco_linear,46,0.04051038964850004,0.2209492325782776
b005_0190,loco_linear,46,0.01474884494406278,0.014903724193572998
b005_0191,loco_linear,46,0.013108076619320229,0.074557363986969
b005_0192,loco_linear,46,0.017285465217027507,0.2521812319755554
b005_0193,loco_linear,46,0.02306345007458671,0.1453496813774109
b005_0194,loco_linear,46,0.008743064813926572,0.08784550428390503
b005_0196,loco_linear,46,0.018794416404161296,0.15386849641799927
b005_0197,loco_linear,46,0.010445181952148188,0.09951639175415039
b005_0198,loco_linear,46,0.017436185332595326,0.11349177360534668
b005_0199,loco_linear,46,0.02715913242981082,0.19068431854248047
b005_0200,loco_linear,46,0.03305980367738692,0.18185627460479736
b005_0201,loco_linear,46,0.014735419608530451,0.07279902696609497
b005_0202,loco_linear,46,0.0121306625546002,0.12120181322097778
b005_0203,loco_linear,46,0.011471756901897367,0.08075690269470215
b005_0204,loco_linear,46,0.04474553514699467,0.2465844750404358
b005_0205,loco_linear,46,0.01854705102131015,0.11754798889160156
b005_0206,loco_linear,46,0.019768852679455867,0.23021316528320312
b005_0207,loco_linear,46,0.01635993748414712,0.14011412858963013
b005_0208,loco_linear,46,0.04238622208110622,0.23432308435440063
b005_0209,loco_linear,46,0.017301646900958704,0.15323245525360107
b005_0210,loco_linear,46,0.03332327037561135,0.20635604858398438
b005_0211,loco_linear,46,0.015318746449517423,0.15350157022476196
b005_0212,loco_linear,46,0.011677206051154215,0.10403335094451904
b005_0213,loco_linear,46,0.009481002561381607,0.07658827304840088
b005_0214,loco_linear,46,0.026654234675110362,0.19176840782165527
b005_0215,loco_linear,46,0.04311240012528467,0.21852821111679077
b005_0216,loco_linear,46,0.03265680348286863,0.20339685678482056
b005_0217,loco_linear,46,0.014454282209521434,0.12472105026245117
b005_0218,loco_linear,46,0.031878673150891164,0.18845051527023315
b005_0219,loco_linear,46,0.017991115201692113,0.05142712593078613
b005_0220,loco_linear,46,0.011491517185187731,0.07909369468688965
b005_0221,loco_linear,46,0.04405956483278118,0.2156665325164795
b005_0222,loco_linear,46,0.0068599804014456076,0.03205496072769165
b005_0223,loco_linear,46,0.023396672772579504,0.23164552450180054
b005_0224,loco_linear,46,0.011539610560800209,0.11180537939071655
b005_0225,loco_linear,46,0.029037731592772436,0.1834999918937683
b005_0552,loco_bilinear,42,0.029297497428831507,0.08284315466880798
b005_0554,loco_bilinear,42,0.024256899220044495,0.061043769121170044
b005_0555,loco_bilinear,42,0.12979066860480387,0.45696526765823364
b005_0557,loco_bilinear,42,0.026477711977528743,0.05700963735580444
b005_0558,loco_bilinear,42,0.04219458093408678,0.09599423408508301
b005_0559,loco_bilinear,42,0.01756443938270944,0.04447561502456665
b005_0560,loco_bilinear,42,0.024687617528633993,0.07484379410743713
b005_0561,loco_bilinear,42,0.021782728003673864,0.05043196678161621
b005_0563,loco_bilinear,42,0.016715124493739644,0.05632704496383667
b005_0565,loco_bilinear,42,0.02787505383374261,0.08438457548618317
b005_0566,loco_bilinear,42,0.12520664539493498,0.37004613876342773
b005_0567,loco_bilinear,42,0.06396012863174813,0.07472771406173706
b005_0568,loco_bilinear,42,0.1256496720626706,0.5377963781356812
b005_0569,loco_bilinear,42,0.016916693234052815,0.04485517740249634
b005_0570,loco_bilinear,42,0.028429666014968373,0.08774945139884949
b005_0571,loco_bilinear,42,0.013290620729571483,0.026807427406311035
b005_0572,loco_bilinear,42,0.028644391747771718,0.15300717949867249
b005_0573,loco_bilinear,42,0.014096014812344411,0.08644920587539673
b005_0574,loco_bilinear,42,0.03395858895583231,0.06960192322731018
b005_0575,loco_bilinear,42,0.10354116217034762,0.46213793754577637
b005_0576,loco_bilinear,42,0.015905550268829845,0.07256311178207397
b005_0577,loco_bilinear,42,0.04789083414390439,0.22732317447662354
b005_0578,loco_bilinear,42,0.022579967975616455,0.08024170994758606
b005_0579,loco_bilinear,42,0.027588524779335398,0.07056614756584167
b005_0580,loco_bilinear,42,0.05648228672684216,0.3070260286331177
b005_0581,loco_bilinear,42,0.015208668396121165,0.05564606189727783
b005_0582,loco_bilinear,42,0.012661542071670782,0.020566880702972412
b005_0583,loco_bilinear,42,0.03690779941980956,0.1663944125175476
b005_0584,loco_bilinear,42,0.030127347981343505,0.07328194379806519
b005_0585,loco_bilinear,42,0.015286538444581579,0.02813437581062317
b005_0586,loco_bilinear,42,0.014011963957645854,0.09493392705917358
b005_0588,loco_bilinear,42,0.01107169858744887,0.07559573650360107
b005_0590,loco_bilinear,42,0.01859150167371406,0.043424367904663086
b005_0591,loco_bilinear,42,0.02313760313831392,0.0692339539527893
b005_0592,loco_bilinear,42,0.026016963554210352,0.08567631244659424
b005_0593,loco_bilinear,42,0.024871824706187012,0.05997633934020996
b005_0594,loco_bilinear,42,0.12303521056644252,0.44299739599227905
b005_0595,loco_bilinear,42,0.014330520004522606,0.08453559875488281
b005_0596,loco_bilinear,42,0.08297223341269572,0.4227021336555481
b005_0597,loco_bilinear,42,0.022238104558381877,0.07410258054733276
b005_0598,loco_bilinear,42,0.03761854670086845,0.09654133021831512
b005_0599,loco_bilinear,42,0.029693126678466797,0.08534000813961029
b005_0601,loco_bilinear,42,0.04633129033886018,0.21104422211647034
b005_0602,loco_bilinear,42,0.025131594939310043,0.17317652702331543
b005_0604,loco_bilinear,42,0.027529834235300782,0.09369978308677673
b005_0605,loco_bilinear,42,0.026021442940977753,0.05760177969932556
b005_0607,loco_bilinear,42,0.027059773441220892,0.07847195863723755
b005_0608,loco_bilinear,42,0.027043898086078832,0.0657699704170227
b005_0610,loco_bilinear,42,0.02005635959203126,0.0704190731048584
b005_0612,loco_bilinear,42,0.0326608018796952,0.09521785378456116
b005_0613,loco_bilinear,42,0.02071602862389361,0.04623255133628845
b005_0614,loco_bilinear,42,0.03479176417725985,0.05980652570724487
b005_0615,loco_bilinear,42,0.015316490267143875,0.0819048285484314
b005_0618,loco_bilinear,42,0.022096041528905024,0.059004202485084534
b005_0619,loco_bilinear,42,0.04087562785773981,0.08753341436386108
b005_0621,loco_bilinear,42,0.16334080696105957,0.4188629388809204
b005_0622,loco_bilinear,42,0.03411721206102215,0.2779011130332947
b005_0623,loco_bilinear,42,0.041138831709252026,0.2607482671737671
b005_0626,loco_bilinear,42,0.015624098601888438,0.03150695562362671
b005_0627,loco_bilinear,42,0.021910151985825084,0.0605010986328125
b005_0628,loco_bilinear,42,0.02030457727244643,0.07861536741256714
b005_0629,loco_bilinear,42,0.01590705406470377,0.05812138319015503
b005_0630,loco_bilinear,42,0.01805973663681843,0.06668472290039062
b005_0631,loco_bilinear,42,0.01833788049025614,0.07257172465324402
b005_0632,loco_bilinear,42,0.12719455214797473,0.5232697129249573
b005_0634,loco_bilinear,42,0.04159594583706778,0.09990262985229492
b005_0635,loco_bilinear,42,0.028198922755288295,0.07396352291107178
b005_0636,loco_bilinear,42,0.024965272575128275,0.07448184490203857
b005_0637,loco_bilinear,42,0.016020441641573045,0.04478544741868973
b005_0640,loco_bilinear,42,0.05879511745249639,0.30659908056259155
b005_0641,loco_bilinear,42,0.028421125206790986,0.05806751549243927
b005_0642,loco_bilinear,42,0.017193709240585078,0.0950278639793396
b005_0644,loco_bilinear,42,0.02736782783367595,0.09917035698890686
b005_0646,loco_bilinear,42,0.020406918936088436,0.053224802017211914
b005_0648,loco_bilinear,42,0.03315072030317588,0.12074384093284607
b005_0650,loco_bilinear,42,0.0139656804624151,0.08321040868759155
b005_0651,loco_bilinear,42,0.026760486305737106,0.0811193585395813
b005_0552,loco_bilinear,43,0.020761217250198614,0.0886305570602417
b005_0554,loco_bilinear,43,0.014070402403346827,0.051527559757232666
b005_0555,loco_bilinear,43,0.07558058910682554,0.4535089135169983
b005_0557,loco_bilinear,43,0.026099224437455663,0.0680394396185875
b005_0558,loco_bilinear,43,0.039704731009045584,0.12044554948806763
b005_0559,loco_bilinear,43,0.016669308552976516,0.06300312280654907
b005_0560,loco_bilinear,43,0.011545661042948237,0.0402015745639801
b005_0561,loco_bilinear,43,0.012653349364390139,0.09664219617843628
b005_0563,loco_bilinear,43,0.01624085912938978,0.08277422189712524
b005_0565,loco_bilinear,43,0.023128656334564335,0.0802796334028244
b005_0566,loco_bilinear,43,0.09639155767003044,0.37313389778137207
b005_0567,loco_bilinear,43,0.05628498265000641,0.08387064933776855
b005_0568,loco_bilinear,43,0.14112347657563257,0.6175678968429565
b005_0569,loco_bilinear,43,0.017768727218518493,0.0976865291595459
b005_0570,loco_bilinear,43,0.024833946931557577,0.07086491584777832
b005_0571,loco_bilinear,43,0.009821911327174453,0.03367859125137329
b005_0572,loco_bilinear,43,0.016239772566029282,0.06197240948677063
b005_0573,loco_bilinear,43,0.022490566871205313,0.10732507705688477
b005_0574,loco_bilinear,43,0.0264898880583341,0.08150660991668701
b005_0575,loco_bilinear,43,0.0751154999263951,0.46745502948760986
b005_0576,loco_bilinear,43,0.012573459597884631,0.10296189785003662
b005_0577,loco_bilinear,43,0.024997745869589635,0.10325175523757935
b005_0578,loco_bilinear,43,0.016690149659016093,0.04579657316207886
b005_0579,loco_bilinear,43,0.013660470970341416,0.07162284851074219
b005_0580,loco_bilinear,43,0.05113712832575939,0.46473902463912964
b005_0581,loco_bilinear,43,0.01316384213869689,0.11284208297729492
b005_0582,loco_bilinear,43,0.011218191170301593,0.03964728116989136
b005_0583,loco_bilinear,43,0.03347247301555071,0.31691819429397583
b005_0584,loco_bilinear,43,0.027991596548283686,0.07232171297073364
b005_0585,loco_bilinear,43,0.015027480535819883,0.03464233875274658
b005_0586,loco_bilinear,43,0.012623866561983452,0.11550003290176392
b005_0588,loco_bilinear,43,0.013716028850586688,0.08828967809677124
b005_0590,loco_bilinear,43,0.011311189073031067,0.04125332832336426
b005_0591,loco_bilinear,43,0.01860187752325027,0.0783611536026001
b005_0592,loco_bilinear,43,0.01817761166173904,0.09781759977340698
b005_0593,loco_bilinear,43,0.017423557453468196,0.037980467081069946
b005_0594,loco_bilinear,43,0.10390673602213625,0.44932812452316284
b005_0595,loco_bilinear,43,0.012541878418844254,0.11493515968322754
b005_0596,loco_bilinear,43,0.06275460856859802,0.4646041989326477
b005_0597,loco_bilinear,43,0.015625492959726053,0.06606876850128174
b005_0598,loco_bilinear,43,0.024892930124626785,0.07559938728809357
b005_0599,loco_bilinear,43,0.023567681185534744,0.08179543912410736
b005_0601,loco_bilinear,43,0.024915308737363973,0.060703128576278687
b005_0602,loco_bilinear,43,0.026721800448464565,0.08384299278259277
b005_0604,loco_bilinear,43,0.014617176329503294,0.07684868574142456
b005_0605,loco_bilinear,43,0.02131758752416392,0.05646735429763794
b005_0607,loco_bilinear,43,0.03054124849741576,0.1797865927219391
b005_0608,loco_bilinear,43,0.02108734259839918,0.06461471319198608
b005_0610,loco_bilinear,43,0.009847364953306854,0.08617830276489258
b005_0612,loco_bilinear,43,0.031055816861449696,0.08076271414756775
b005_0613,loco_bilinear,43,0.016546923117559464,0.041672974824905396
b005_0614,loco_bilinear,43,0.026525261460757645,0.0811585783958435
b005_0615,loco_bilinear,43,0.02764899857708665,0.08722293376922607
b005_0618,loco_bilinear,43,0.017514759155570485,0.05256187915802002
b005_0619,loco_bilinear,43,0.03674195780128729,0.11064797639846802
b005_0621,loco_bilinear,43,0.11581363248043373,0.4197530746459961
b005_0622,loco_bilinear,43,0.01904203461819008,0.01507478952407837
b005_0623,loco_bilinear,43,0.022562812586299708,0.2020990252494812
b005_0626,loco_bilinear,43,0.012141085061870638,0.05873823165893555
b005_0627,loco_bilinear,43,0.02034726348079619,0.05142849683761597
b005_0628,loco_bilinear,43,0.015040509524892588,0.09979432821273804
b005_0629,loco_bilinear,43,0.015214879004681697,0.07194948196411133
b005_0630,loco_bilinear,43,0.015154621151627088,0.07881522178649902
b005_0631,loco_bilinear,43,0.015412771310962614,0.0513644814491272
b005_0632,loco_bilinear,43,0.176636277163615,0.6752288341522217
b005_0634,loco_bilinear,43,0.03227506138262202,0.10986888408660889
b005_0635,loco_bilinear,43,0.015599548328118246,0.08165299892425537
b005_0636,loco_bilinear,43,0.024532628352524805,0.09098309278488159
b005_0637,loco_bilinear,43,0.01965371104048901,0.056782208383083344
b005_0640,loco_bilinear,43,0.05520727644201185,0.504550039768219
b005_0641,loco_bilinear,43,0.03339446763523289,0.10099655389785767
b005_0642,loco_bilinear,43,0.013936959817761281,0.12126380205154419
b005_0644,loco_bilinear,43,0.02175915485522786,0.06738457083702087
b005_0646,loco_bilinear,43,0.01622541370939036,0.08045101165771484
b005_0648,loco_bilinear,43,0.016825529884119502,0.06190752983093262
b005_0650,loco_bilinear,43,0.015076770645673157,0.11258900165557861
b005_0651,loco_bilinear,43,0.01687862247717185,0.1054953932762146
b005_0552,loco_bilinear,44,0.028887166840131165,0.08618175983428955
b005_0554,loco_bilinear,44,0.02247776457520782,0.07048168778419495
b005_0555,loco_bilinear,44,0.14036702816603613,0.4388852119445801
b005_0557,loco_bilinear,44,0.02194781296077322,0.06572265177965164
b005_0558,loco_bilinear,44,0.03160925356091046,0.10204720497131348
b005_0559,loco_bilinear,44,0.02500204424389073,0.1717253029346466
b005_0560,loco_bilinear,44,0.012262167012105222,0.04326272010803223
b005_0561,loco_bilinear,44,0.019040989094093196,0.05020582675933838
b005_0563,loco_bilinear,44,0.020810757504134882,0.06787258386611938
b005_0565,loco_bilinear,44,0.026451231270539957,0.10436283051967621
b005_0566,loco_bilinear,44,0.13278656123114413,0.35505902767181396
b005_0567,loco_bilinear,44,0.06993152079035024,0.3074076175689697
b005_0568,loco_bilinear,44,0.05144098010219512,0.1771063208580017
b005_0569,loco_bilinear,44,0.021511657316176616,0.05629563331604004
b005_0570,loco_bilinear,44,0.029480803696835627,0.09471103549003601
b005_0571,loco_bilinear,44,0.04281021434752667,0.25045692920684814
b005_0572,loco_bilinear,44,0.02157404823381393,0.06904768943786621
b005_0573,loco_bilinear,44,0.04108422896901115,0.31752991676330566
b005_0574,loco_bilinear,44,0.0355162757341979,0.07290282845497131
b005_0575,loco_bilinear,44,0.1403086742416757,0.45185136795043945
b005_0576,loco_bilinear,44,0.012331870735668745,0.07910555601119995
b005_0577,loco_bilinear,44,0.020176684270139602,0.05485028028488159
b005_0578,loco_bilinear,44,0.018006077066796723,0.06565842032432556
b005_0579,loco_bilinear,44,0.014942307452686498,0.0543590784072876
b005_0580,loco_bilinear,44,0.015382312848919728,0.07016706466674805
b005_0581,loco_bilinear,44,0.015299671986063973,0.04171723127365112
b005_0582,loco_bilinear,44,0.028696046500909525,0.2551853656768799
b005_0583,loco_bilinear,44,0.013358292032460698,0.07000255584716797
b005_0584,loco_bilinear,44,0.01881080084159726,0.06791737675666809
b005_0585,loco_bilinear,44,0.019532758681500544,0.05136901140213013
b005_0586,loco_bilinear,44,0.015319264325939242,0.08915185928344727
b005_0588,loco_bilinear,44,0.013347551470897237,0.06851273775100708
b005_0590,loco_bilinear,44,0.016732084946554215,0.04976603388786316
b005_0591,loco_bilinear,44,0.018919105656811448,0.07012380659580231
b005_0592,loco_bilinear,44,0.018630396880087306,0.08393669128417969
b005_0593,loco_bilinear,44,0.023338715561100693,0.06347152590751648
b005_0594,loco_bilinear,44,0.1641674618251988,0.4277203679084778
b005_0595,loco_bilinear,44,0.022216663008830587,0.08086103200912476
b005_0596,loco_bilinear,44,0.1234659806626742,0.40789639949798584
b005_0597,loco_bilinear,44,0.02125786415866164,0.08227542042732239
b005_0598,loco_bilinear,44,0.036776212883777304,0.10291717946529388
b005_0599,loco_bilinear,44,0.025311588019621176,0.09364975988864899
b005_0601,loco_bilinear,44,0.020088014055470952,0.051334768533706665
b005_0602,loco_bilinear,44,0.10005121348334141,0.38820016384124756
b005_0604,loco_bilinear,44,0.019654453777876058,0.07446375489234924
b005_0605,loco_bilinear,44,0.020814532139262217,0.047991424798965454
b005_0607,loco_bilinear,44,0.021263390290932577,0.0780903697013855
b005_0608,loco_bilinear,44,0.022869128428521703,0.0674741268157959
b005_0610,loco_bilinear,44,0.00971490535579744,0.06674474477767944
b005_0612,loco_bilinear,44,0.02797313449812717,0.08581486344337463
b005_0613,loco_bilinear,44,0.025491748188362747,0.06220895051956177
b005_0614,loco_bilinear,44,0.036038923947537535,0.08176207542419434
b005_0615,loco_bilinear,44,0.026392162823286214,0.07253384590148926
b005_0618,loco_bilinear,44,0.021173564869849407,0.07131466269493103
b005_0619,loco_bilinear,44,0.03213243308614512,0.28367263078689575
b005_0621,loco_bilinear,44,0.16732655001468347,0.410502552986145
b005_0622,loco_bilinear,44,0.09362291508033628,0.3806593418121338
b005_0623,loco_bilinear,44,0.09854583271214219,0.3622061610221863
b005_0626,loco_bilinear,44,0.014292512760787714,0.0211145281791687
b005_0627,loco_bilinear,44,0.02072833209741311,0.06576886773109436
b005_0628,loco_bilinear,44,0.020833604159902354,0.09099429845809937
b005_0629,loco_bilinear,44,0.014353506389211436,0.06270605325698853
b005_0630,loco_bilinear,44,0.015258996213068728,0.07196669280529022
b005_0631,loco_bilinear,44,0.014909456987850001,0.057018816471099854
b005_0632,loco_bilinear,44,0.04686192166609842,0.13599893450737
b005_0634,loco_bilinear,44,0.032436580687272745,0.0999990701675415
b005_0635,loco_bilinear,44,0.019037130914750646,0.0772741436958313
b005_0636,loco_bilinear,44,0.031285613530971965,0.07560998201370239
b005_0637,loco_bilinear,44,0.009370999990916644,0.03419718146324158
b005_0640,loco_bilinear,44,0.012510289422801284,0.11563289165496826
b005_0641,loco_bilinear,44,0.025919712469226024,0.05538618564605713
b005_0642,loco_bilinear,44,0.01525130232826608,0.09303534030914307
b005_0644,loco_bilinear,44,0.025353023263274647,0.08936330676078796
b005_0646,loco_bilinear,44,0.021974323714365723,0.06594699621200562
b005_0648,loco_bilinear,44,0.020605235803322713,0.05297654867172241
b005_0650,loco_bilinear,44,0.02067894280933943,0.07851183414459229
b005_0651,loco_bilinear,44,0.02271507216281578,0.09420919418334961
b005_0552,loco_bilinear,45,0.01496966109901178,0.07791262865066528
b005_0554,loco_bilinear,45,0.014919577074832603,0.03853428363800049
b005_0555,loco_bilinear,45,0.08932181264533372,0.4571058750152588
b005_0557,loco_bilinear,45,0.024374993976022375,0.06209621578454971
b005_0558,loco_bilinear,45,0.03514261763603961,0.10141175985336304
b005_0559,loco_bilinear,45,0.027100889897737346,0.051862120628356934
b005_0560,loco_bilinear,45,0.013211205357410868,0.021699368953704834
b005_0561,loco_bilinear,45,0.013408345277192162,0.08040750026702881
b005_0563,loco_bilinear,45,0.02397875756513877,0.06725984811782837
b005_0565,loco_bilinear,45,0.01911131768930154,0.0673365443944931
b005_0566,loco_bilinear,45,0.09877650757304958,0.37408918142318726
b005_0567,loco_bilinear,45,0.06889979126023464,0.08215087652206421
b005_0568,loco_bilinear,45,0.11736072575459715,0.6116341948509216
b005_0569,loco_bilinear,45,0.013222873699469645,0.0643012523651123
b005_0570,loco_bilinear,45,0.02327201356653307,0.07162010669708252
b005_0571,loco_bilinear,45,0.01623220766176943,0.01932990550994873
b005_0572,loco_bilinear,45,0.015519400111964492,0.05673927068710327
b005_0573,loco_bilinear,45,0.026343758966101975,0.08564430475234985
b005_0574,loco_bilinear,45,0.026828344239563238,0.07774531841278076
b005_0575,loco_bilinear,45,0.06393700007532464,0.46700090169906616
b005_0576,loco_bilinear,45,0.010723926004816274,0.08955353498458862
b005_0577,loco_bilinear,45,0.01637718765462031,0.03815290331840515
b005_0578,loco_bilinear,45,0.015157545687722379,0.04129880666732788
b005_0579,loco_bilinear,45,0.014072758741066104,0.06499254703521729
b005_0580,loco_bilinear,45,0.03612482352334945,0.43714654445648193
b005_0581,loco_bilinear,45,0.01771045952546792,0.0850643515586853
b005_0582,loco_bilinear,45,0.011756533482035652,0.040313124656677246
b005_0583,loco_bilinear,45,0.018066977379751988,0.07981771230697632
b005_0584,loco_bilinear,45,0.027008909426751684,0.07318876683712006
b005_0585,loco_bilinear,45,0.01473030252534835,0.0342024564743042
b005_0586,loco_bilinear,45,0.018780275446469666,0.10642081499099731
b005_0588,loco_bilinear,45,0.01487256757548598,0.08282363414764404
b005_0590,loco_bilinear,45,0.012505884541839849,0.03811830282211304
b005_0591,loco_bilinear,45,0.0192300806768605,0.07514947652816772
b005_0592,loco_bilinear,45,0.017780045261148545,0.09952807426452637
b005_0593,loco_bilinear,45,0.01855808838469083,0.05585116147994995
b005_0594,loco_bilinear,45,0.09818574883898751,0.44880878925323486
b005_0595,loco_bilinear,45,0.020845208500252396,0.09354102611541748
b005_0596,loco_bilinear,45,0.06582604666225246,0.4575216770172119
b005_0597,loco_bilinear,45,0.01738687470311024,0.0626673698425293
b005_0598,loco_bilinear,45,0.022344124610306788,0.057711973786354065
b005_0599,loco_bilinear,45,0.02372842514124073,0.07752151787281036
b005_0601,loco_bilinear,45,0.013679328023410235,0.0352749228477478
b005_0602,loco_bilinear,45,0.02039632152338497,0.08501863479614258
b005_0604,loco_bilinear,45,0.017292513221990866,0.05834236741065979
b005_0605,loco_bilinear,45,0.015755860043353723,0.04926037788391113
b005_0607,loco_bilinear,45,0.016319288093535625,0.08441996574401855
b005_0608,loco_bilinear,45,0.020552754402160645,0.058545053005218506
b005_0610,loco_bilinear,45,0.011350932179904375,0.07864934206008911
b005_0612,loco_bilinear,45,0.019526564195507863,0.06677553057670593
b005_0613,loco_bilinear,45,0.014272238875998825,0.0380244255065918
b005_0614,loco_bilinear,45,0.024506649032967988,0.07132971286773682
b005_0615,loco_bilinear,45,0.02808427028968686,0.08792251348495483
b005_0618,loco_bilinear,45,0.018583975854467173,0.04019036889076233
b005_0619,loco_bilinear,45,0.05299161008146942,0.10579293966293335
b005_0621,loco_bilinear,45,0.13586305301697527,0.42049598693847656
b005_0622,loco_bilinear,45,0.03375481777503842,0.0193941593170166
b005_0623,loco_bilinear,45,0.024590669596781495,0.06034129858016968
b005_0626,loco_bilinear,45,0.01532754253168575,0.030462443828582764
b005_0627,loco_bilinear,45,0.011578023922247965,0.044767022132873535
b005_0628,loco_bilinear,45,0.01829546738843449,0.09127366542816162
b005_0629,loco_bilinear,45,0.018425507135078557,0.06718838214874268
b005_0630,loco_bilinear,45,0.015086730972665255,0.06748420000076294
b005_0631,loco_bilinear,45,0.01643573211841896,0.029976218938827515
b005_0632,loco_bilinear,45,0.1453313343837613,0.6662105321884155
b005_0634,loco_bilinear,45,0.033659055340485494,0.10575437545776367
b005_0635,loco_bilinear,45,0.016319376523377466,0.08417457342147827
b005_0636,loco_bilinear,45,0.02153549331133483,0.08527636528015137
b005_0637,loco_bilinear,45,0.015180248583926529,0.042132772505283356
b005_0640,loco_bilinear,45,0.04022381686773457,0.47596269845962524
b005_0641,loco_bilinear,45,0.024589459915630153,0.08733415603637695
b005_0642,loco_bilinear,45,0.0280688898485215,0.10154843330383301
b005_0644,loco_bilinear,45,0.017799129740136567,0.06123819947242737
b005_0646,loco_bilinear,45,0.0138097595973093,0.0705445408821106
b005_0648,loco_bilinear,45,0.01350248104236165,0.04157322645187378
b005_0650,loco_bilinear,45,0.021960836942078638,0.09597760438919067
b005_0651,loco_bilinear,45,0.01903232443528097,0.08640509843826294
b005_0552,loco_bilinear,46,0.015202415282609032,0.08501565456390381
b005_0554,loco_bilinear,46,0.013029259736420678,0.060455322265625
b005_0555,loco_bilinear,46,0.10307940107877137,0.45705080032348633
b005_0557,loco_bilinear,46,0.023997667016553096,0.06956958770751953
b005_0558,loco_bilinear,46,0.04034804858145167,0.11014354228973389
b005_0559,loco_bilinear,46,0.017884368290666672,0.06382101774215698
b005_0560,loco_bilinear,46,0.006058349472577455,0.025426805019378662
b005_0561,loco_bilinear,46,0.009814492991713226,0.09704381227493286
b005_0563,loco_bilinear,46,0.015452949238605187,0.0798376202583313
b005_0565,loco_bilinear,46,0.017957021711302586,0.05468668043613434
b005_0566,loco_bilinear,46,0.08151923730725148,0.3736151456832886
b005_0567,loco_bilinear,46,0.047745274227173604,0.0819123387336731
b005_0568,loco_bilinear,46,0.052554218495478394,0.4910748600959778
b005_0569,loco_bilinear,46,0.011408154104576736,0.0986754298210144
b005_0570,loco_bilinear,46,0.023087078919176194,0.06968909502029419
b005_0571,loco_bilinear,46,0.011087472321557218,0.03982865810394287
b005_0572,loco_bilinear,46,0.011670253804472626,0.039922893047332764
b005_0573,loco_bilinear,46,0.012001044437533519,0.11821460723876953
b005_0574,loco_bilinear,46,0.025702346543796727,0.09307920932769775
b005_0575,loco_bilinear,46,0.0653994933503573,0.4695051312446594
b005_0576,loco_bilinear,46,0.008265412244640414,0.10338383913040161
b005_0577,loco_bilinear,46,0.016331010177487233,0.044633686542510986
b005_0578,loco_bilinear,46,0.012528649607642751,0.04134321212768555
b005_0579,loco_bilinear,46,0.010524799100688247,0.08081269264221191
b005_0580,loco_bilinear,46,0.010431817809089285,0.03659099340438843
b005_0581,loco_bilinear,46,0.010708147385081307,0.09006422758102417
b005_0582,loco_bilinear,46,0.011254850958214432,0.05232185125350952
b005_0583,loco_bilinear,46,0.010642393202078148,0.08568507432937622
b005_0584,loco_bilinear,46,0.025724792822462615,0.06923186779022217
b005_0585,loco_bilinear,46,0.014576310017069832,0.03654080629348755
b005_0586,loco_bilinear,46,0.016937916884656814,0.11426156759262085
b005_0588,loco_bilinear,46,0.009618943343397046,0.09111309051513672
b005_0590,loco_bilinear,46,0.012760195087213985,0.051235854625701904
b005_0591,loco_bilinear,46,0.016438032515713425,0.09214425086975098
b005_0592,loco_bilinear,46,0.01961743709493856,0.10776704549789429
b005_0593,loco_bilinear,46,0.023268336643938157,0.05511200428009033
b005_0594,loco_bilinear,46,0.07511203113149424,0.44802892208099365
b005_0595,loco_bilinear,46,0.015065262552167549,0.12901723384857178
b005_0596,loco_bilinear,46,0.040049920316602365,0.36598265171051025
b005_0597,loco_bilinear,46,0.013725876808166504,0.07585448026657104
b005_0598,loco_bilinear,46,0.025762375260962814,0.0655142068862915
b005_0599,loco_bilinear,46,0.020946934819221497,0.0758056640625
b005_0601,loco_bilinear,46,0.021234424876385046,0.042464256286621094
b005_0602,loco_bilinear,46,0.025807075813168386,0.09299367666244507
b005_0604,loco_bilinear,46,0.01680076757415396,0.04627683758735657
b005_0605,loco_bilinear,46,0.01655513194740796,0.05045187473297119
b005_0607,loco_bilinear,46,0.02121091377539713,0.09196579456329346
b005_0608,loco_bilinear,46,0.021087159387400894,0.07527536153793335
b005_0610,loco_bilinear,46,0.0078047650759337376,0.09652060270309448
b005_0612,loco_bilinear,46,0.020023856983810175,0.05996209383010864
b005_0613,loco_bilinear,46,0.019283647908539068,0.04850122332572937
b005_0614,loco_bilinear,46,0.025413768213303364,0.08538931608200073
b005_0615,loco_bilinear,46,0.020535306852371968,0.09766823053359985
b005_0618,loco_bilinear,46,0.014606279672169294,0.05585920810699463
b005_0619,loco_bilinear,46,0.023179593633432857,0.11795127391815186
b005_0621,loco_bilinear,46,0.13024166177530758,0.4195612668991089
b005_0622,loco_bilinear,46,0.015413151901276385,0.023508906364440918
b005_0623,loco_bilinear,46,0.019391915837272268,0.018066108226776123
b005_0626,loco_bilinear,46,0.012435785571082693,0.0484737753868103
b005_0627,loco_bilinear,46,0.013257952010045286,0.06586140394210815
b005_0628,loco_bilinear,46,0.012323274475629212,0.10794633626937866
b005_0629,loco_bilinear,46,0.013274344753046504,0.07087075710296631
b005_0630,loco_bilinear,46,0.01513612368067757,0.08945739269256592
b005_0631,loco_bilinear,46,0.011731515653797837,0.026010960340499878
b005_0632,loco_bilinear,46,0.05518073380970564,0.4298827052116394
b005_0634,loco_bilinear,46,0.03275889744524096,0.11246943473815918
b005_0635,loco_bilinear,46,0.016333113439747544,0.08771783113479614
b005_0636,loco_bilinear,46,0.02652693136793668,0.09676289558410645
b005_0637,loco_bilinear,46,0.008999901106123065,0.04792541265487671
b005_0640,loco_bilinear,46,0.016453987262288076,0.12041330337524414
b005_0641,loco_bilinear,46,0.03389990256458032,0.09249049425125122
b005_0642,loco_bilinear,46,0.02484169846675435,0.1132814884185791
b005_0644,loco_bilinear,46,0.01836243858102892,0.06210044026374817
b005_0646,loco_bilinear,46,0.013875973029214828,0.08717644214630127
b005_0648,loco_bilinear,46,0.011935870178410263,0.06009519100189209
b005_0650,loco_bilinear,46,0.017981545358407694,0.10614538192749023
b005_0651,loco_bilinear,46,0.014018795529349905,0.11056458950042725
b004_0101,loco_plateau,42,0.013931753938315345,0.0324062705039978
b004_0106,loco_plateau,42,0.008063007634682734,0.026201069355010986
b004_0115,loco_plateau,42,0.00653562560433247,0.013733252882957458
b004_0130,loco_plateau,42,0.008614334842709244,0.02905052900314331
b004_0136,loco_plateau,42,0.005208044083880596,0.016201555728912354
b004_0147,loco_plateau,42,0.011728631729473834,0.023413315415382385
b004_0154,loco_plateau,42,0.010983981680674632,0.03201034665107727
b004_0155,loco_plateau,42,0.007926571076033546,0.025326400995254517
b004_0163,loco_plateau,42,0.015969423241302617,0.03514307737350464
b004_0166,loco_plateau,42,0.009278651510105759,0.02771654725074768
b004_0189,loco_plateau,42,0.009843945258953532,0.03823038935661316
b004_0192,loco_plateau,42,0.008315039523800865,0.02519667148590088
b004_0198,loco_plateau,42,0.006315176298872369,0.016955196857452393
b004_0206,loco_plateau,42,0.018730689267643163,0.04901513457298279
b004_0208,loco_plateau,42,0.006009152861403637,0.015381202101707458
b004_0209,loco_plateau,42,0.012425580718478218,0.02364259958267212
b004_0226,loco_plateau,42,0.006228097393864491,0.038684844970703125
b004_0229,loco_plateau,42,0.007441068587244534,0.022954225540161133
b004_0232,loco_plateau,42,0.007928710980493515,0.027956992387771606
b004_0238,loco_plateau,42,0.009220458994634816,0.035705626010894775
b004_0269,loco_plateau,42,0.012411388705988399,0.029658854007720947
b004_0270,loco_plateau,42,0.009020458051904302,0.02828514575958252
b004_0276,loco_plateau,42,0.010168418105019898,0.05075734853744507
b004_0280,loco_plateau,42,0.007081235041383837,0.016726195812225342
b004_0284,loco_plateau,42,0.016015808357567083,0.03287145495414734
b004_0285,loco_plateau,42,0.00910843298083446,0.020318984985351562
b004_0286,loco_plateau,42,0.01008865811297151,0.02342084050178528
b004_0291,loco_plateau,42,0.00798861450347744,0.03596384823322296
b004_0298,loco_plateau,42,0.007959539528752937,0.02087932825088501
b004_0303,loco_plateau,42,0.010782315594251038,0.027874529361724854
b004_0312,loco_plateau,42,0.010937250784186066,0.026430487632751465
b004_0328,loco_plateau,42,0.005673171982901995,0.014440923929214478
b004_0335,loco_plateau,42,0.010267394732256404,0.03358837962150574
b004_0336,loco_plateau,42,0.012463912856383402,0.022274792194366455
b004_0367,loco_plateau,42,0.01303952419366993,0.04534447193145752
b004_0378,loco_plateau,42,0.010050337700570216,0.032644808292388916
b004_0379,loco_plateau,42,0.006538086677672433,0.019760459661483765
b004_0385,loco_plateau,42,0.006732356108602931,0.02593165636062622
b004_0387,loco_plateau,42,0.014016563286546801,0.028646200895309448
b005_0318,loco_plateau,42,0.009110606596118113,0.027016282081604004
b005_0319,loco_plateau,42,0.007623187098346773,0.024351656436920166
b005_0320,loco_plateau,42,0.006178154564294659,0.025774210691452026
b005_0322,loco_plateau,42,0.00737360272495473,0.02844870090484619
b005_0323,loco_plateau,42,0.006565248868504509,0.023711085319519043
b005_0324,loco_plateau,42,0.007115454336658853,0.03630074858665466
b005_0325,loco_plateau,42,0.007290019363653464,0.01616722345352173
b005_0326,loco_plateau,42,0.015475112288335308,0.04807373881340027
b005_0327,loco_plateau,42,0.005638697108284372,0.01471787691116333
b005_0328,loco_plateau,42,0.00903584038624998,0.043165385723114014
b005_0329,loco_plateau,42,0.009958757484545474,0.02152124047279358
b005_0330,loco_plateau,42,0.006104685732575714,0.02041846513748169
b005_0331,loco_plateau,42,0.012912977914341161,0.055646300315856934
b005_0332,loco_plateau,42,0.005317868267903562,0.03145039081573486
b005_0333,loco_plateau,42,0.006385424830874458,0.024737238883972168
b005_0334,loco_plateau,42,0.012306871839234085,0.028585493564605713
b005_0336,loco_plateau,42,0.009465840019163538,0.02010101079940796
b005_0338,loco_plateau,42,0.009311670406920011,0.04047876596450806
b005_0339,loco_plateau,42,0.006634368942897828,0.03586646914482117
b005_0341,loco_plateau,42,0.005847162765557649,0.021883785724639893
b005_0344,loco_plateau,42,0.011800926239764104,0.0408744215965271
b005_0345,loco_plateau,42,0.005759714079684898,0.03630495071411133
b005_0346,loco_plateau,42,0.012815673698167333,0.048615872859954834
b005_0347,loco_plateau,42,0.022109267897293217,0.035405173897743225
b005_0348,loco_plateau,42,0.007338521177651452,0.03533405065536499
b005_0349,loco_plateau,42,0.009985097027460083,0.05504477024078369
b005_0350,loco_plateau,42,0.009400347522536262,0.03634524345397949
b005_0351,loco_plateau,42,0.01049999373613811,0.05772054195404053
b005_0352,loco_plateau,42,0.013898721117465223,0.036218106746673584
b005_0353,loco_plateau,42,0.009634768376584913,0.04325038194656372
b005_0354,loco_plateau,42,0.01214175072849774,0.041230469942092896
b005_0355,loco_plateau,42,0.011589446517287707,0.018808960914611816
b005_0356,loco_plateau,42,0.0073663919675545616,0.03157252073287964
b005_0359,loco_plateau,42,0.01090346102709653,0.04666447639465332
b005_0360,loco_plateau,42,0.00838999877699086,0.025021493434906006
b005_0361,loco_plateau,42,0.016071012274163667,0.05683541297912598
b005_0362,loco_plateau,42,0.008198061438857531,0.022984951734542847
b005_0363,loco_plateau,42,0.00766944347834978,0.020958006381988525
b005_0364,loco_plateau,42,0.012479128285509641,0.029807567596435547
b005_0365,loco_plateau,42,0.011359079023365115,0.04105600714683533
b005_0366,loco_plateau,42,0.01283485271403047,0.05652904510498047
b005_0367,loco_plateau,42,0.0073045225294887045,0.02838219702243805
b005_0369,loco_plateau,42,0.007043443009501598,0.048873186111450195
b005_0370,loco_plateau,42,0.009472952514398293,0.015072822570800781
b005_0374,loco_plateau,42,0.010277061433088585,0.02473658323287964
b005_0376,loco_plateau,42,0.006611700368220689,0.0252227783203125
b005_0377,loco_plateau,42,0.007911122724658153,0.043182551860809326
b005_0378,loco_plateau,42,0.010269212673922053,0.028670430183410645
b005_0379,loco_plateau,42,0.008986583498657727,0.02419865131378174
b005_0380,loco_plateau,42,0.005603551620342692,0.0265272855758667
b005_0381,loco_plateau,42,0.005909841568743596,0.022358477115631104
b005_0382,loco_plateau,42,0.005124402095059879,0.0160524845123291
b005_0383,loco_plateau,42,0.01969292140031447,0.04948104918003082
b005_0384,loco_plateau,42,0.016024508681453643,0.05858737230300903
b005_0386,loco_plateau,42,0.012312049626326952,0.04928779602050781
b005_0387,loco_plateau,42,0.012975678183749074,0.037327080965042114
b005_0388,loco_plateau,42,0.007552263800237999,0.030334055423736572
b005_0391,loco_plateau,42,0.007584530676974625,0.02982574701309204
b005_0392,loco_plateau,42,0.013721286029112144,0.03654658794403076
b005_0393,loco_plateau,42,0.008484949342540054,0.02812516689300537
b005_0394,loco_plateau,42,0.016646859342934656,0.06228119134902954
b005_0395,loco_plateau,42,0.015941092469653147,0.03214791417121887
b005_0397,loco_plateau,42,0.009591938286531166,0.026907384395599365
b005_0398,loco_plateau,42,0.016868243940541,0.026074230670928955
b004_0101,loco_plateau,43,0.00603774971649295,0.03577625751495361
b004_0106,loco_plateau,43,0.006022706933197428,0.021961867809295654
b004_0115,loco_plateau,43,0.005988596404185061,0.014568328857421875
b004_0130,loco_plateau,43,0.00795873620959579,0.04139930009841919
b004_0136,loco_plateau,43,0.006286550068952998,0.018890485167503357
b004_0147,loco_plateau,43,0.011344283147424947,0.023711323738098145
b004_0154,loco_plateau,43,0.010121789806690372,0.029268264770507812
b004_0155,loco_plateau,43,0.008099258190295736,0.02551242709159851
b004_0163,loco_plateau,43,0.012152212809343806,0.02382102608680725
b004_0166,loco_plateau,43,0.010093455065469274,0.032052814960479736
b004_0189,loco_plateau,43,0.008816388053972214,0.03452673554420471
b004_0192,loco_plateau,43,0.0076728676308373935,0.029405534267425537
b004_0198,loco_plateau,43,0.006446163429588568,0.015427947044372559
b004_0206,loco_plateau,43,0.018635739557078628,0.050998181104660034
b004_0208,loco_plateau,43,0.00686096076349743,0.023959040641784668
b004_0209,loco_plateau,43,0.010226489090528644,0.023873090744018555
b004_0226,loco_plateau,43,0.009073611898500412,0.03157079219818115
b004_0229,loco_plateau,43,0.008066305676933195,0.01492995023727417
b004_0232,loco_plateau,43,0.006717013775325212,0.021133989095687866
b004_0238,loco_plateau,43,0.008389569452551544,0.045892953872680664
b004_0269,loco_plateau,43,0.00867259551267155,0.02521371841430664
b004_0270,loco_plateau,43,0.007053779224391843,0.025797605514526367
b004_0276,loco_plateau,43,0.009989245504629417,0.04582697153091431
b004_0280,loco_plateau,43,0.009475360761900416,0.020608797669410706
b004_0284,loco_plateau,43,0.013651084460195948,0.02560371160507202
b004_0285,loco_plateau,43,0.008588584720111285,0.021855473518371582
b004_0286,loco_plateau,43,0.009178714612956907,0.027167677879333496
b004_0291,loco_plateau,43,0.006844383710231937,0.02998882532119751
b004_0298,loco_plateau,43,0.006386584190071606,0.015574932098388672
b004_0303,loco_plateau,43,0.006558388227322062,0.011611461639404297
b004_0312,loco_plateau,43,0.008960390432936246,0.025403380393981934
b004_0328,loco_plateau,43,0.005886527847071163,0.008157283067703247
b004_0335,loco_plateau,43,0.009746883003438105,0.03124937415122986
b004_0336,loco_plateau,43,0.012545304953074847,0.02155354619026184
b004_0367,loco_plateau,43,0.007501163443581003,0.039840102195739746
b004_0378,loco_plateau,43,0.009522946032344317,0.059282660484313965
b004_0379,loco_plateau,43,0.00678023170740878,0.010785281658172607
b004_0385,loco_plateau,43,0.0065489279442146175,0.022676169872283936
b004_0387,loco_plateau,43,0.011277653887623647,0.026043295860290527
b005_0318,loco_plateau,43,0.009001267738029605,0.025531798601150513
b005_0319,loco_plateau,43,0.005338018790620272,0.023481100797653198
b005_0320,loco_plateau,43,0.009234021433064194,0.03679150342941284
b005_0322,loco_plateau,43,0.010017343659381398,0.024671733379364014
b005_0323,loco_plateau,43,0.008245542889735738,0.031577467918395996
b005_0324,loco_plateau,43,0.009628786171068911,0.03205862641334534
b005_0325,loco_plateau,43,0.006357994480211226,0.015447229146957397
b005_0326,loco_plateau,43,0.013129178236131786,0.04096008837223053
b005_0327,loco_plateau,43,0.0068875656264727235,0.015096575021743774
b005_0328,loco_plateau,43,0.009592457384359642,0.03603076934814453
b005_0329,loco_plateau,43,0.0054431037336099344,0.02460181713104248
b005_0330,loco_plateau,43,0.005654207751399181,0.022329390048980713
b005_0331,loco_plateau,43,0.01335549360660256,0.04743713140487671
b005_0332,loco_plateau,43,0.006977996498834891,0.021080374717712402
b005_0333,loco_plateau,43,0.006706428698828963,0.029640555381774902
b005_0334,loco_plateau,43,0.012015374224694049,0.027991056442260742
b005_0336,loco_plateau,43,0.005607932806015015,0.012697577476501465
b005_0338,loco_plateau,43,0.008419142150488055,0.056627094745635986
b005_0339,loco_plateau,43,0.007101630517205254,0.035742729902267456
b005_0341,loco_plateau,43,0.008759117334103976,0.018448233604431152
b005_0344,loco_plateau,43,0.008977462766600436,0.028510332107543945
b005_0345,loco_plateau,43,0.0066089835323271204,0.023596346378326416
b005_0346,loco_plateau,43,0.009548254433225413,0.04351198673248291
b005_0347,loco_plateau,43,0.014280589633300656,0.025520384311676025
b005_0348,loco_plateau,43,0.009991289162244952,0.04607728123664856
b005_0349,loco_plateau,43,0.013843276797503721,0.04713410139083862
b005_0350,loco_plateau,43,0.01032001115992421,0.034779682755470276
b005_0351,loco_plateau,43,0.012649198413872327,0.05414104461669922
b005_0352,loco_plateau,43,0.010555929947094839,0.024844050407409668
b005_0353,loco_plateau,43,0.006867710806307246,0.041158974170684814
b005_0354,loco_plateau,43,0.012608067178335345,0.04499974846839905
b005_0355,loco_plateau,43,0.013458519441182495,0.017146050930023193
b005_0356,loco_plateau,43,0.011430066628534286,0.038697242736816406
b005_0359,loco_plateau,43,0.0063324614931814,0.023520946502685547
b005_0360,loco_plateau,43,0.007687537274399742,0.02715367078781128
b005_0361,loco_plateau,43,0.018298603655373464,0.056406259536743164
b005_0362,loco_plateau,43,0.00845451726288092,0.026981055736541748
b005_0363,loco_plateau,43,0.007906636009450818,0.021008849143981934
b005_0364,loco_plateau,43,0.011886742149220138,0.02772235870361328
b005_0365,loco_plateau,43,0.009211255084784304,0.030135273933410645
b005_0366,loco_plateau,43,0.011313278777677505,0.05643439292907715
b005_0367,loco_plateau,43,0.005580735133319604,0.021432235836982727
b005_0369,loco_plateau,43,0.012505705239342862,0.03611809015274048
b005_0370,loco_plateau,43,0.006869458517090219,0.014205634593963623
b005_0374,loco_plateau,43,0.007953829941202382,0.0225430428981781
b005_0376,loco_plateau,43,0.0099770864624469,0.028269469738006592
b005_0377,loco_plateau,43,0.0075944017191402246,0.02471601963043213
b005_0378,loco_plateau,43,0.012970885780991101,0.027517616748809814
b005_0379,loco_plateau,43,0.00889870964112829,0.020799875259399414
b005_0380,loco_plateau,43,0.009119965929965505,0.025590762495994568
b005_0381,loco_plateau,43,0.008706897008614461,0.017292499542236328
b005_0382,loco_plateau,43,0.007030041979961708,0.020237237215042114
b005_0383,loco_plateau,43,0.012648576290392484,0.03202396631240845
b005_0384,loco_plateau,43,0.014126564391323777,0.06251668930053711
b005_0386,loco_plateau,43,0.007337009809056267,0.04099583625793457
b005_0387,loco_plateau,43,0.012758738529242452,0.04094967246055603
b005_0388,loco_plateau,43,0.0074454605823657555,0.02746206521987915
b005_0391,loco_plateau,43,0.006613261509137076,0.024212777614593506
b005_0392,loco_plateau,43,0.010310189401517149,0.043502986431121826
b005_0393,loco_plateau,43,0.007799286334241023,0.04111802577972412
b005_0394,loco_plateau,43,0.01180202782642646,0.06655216217041016
b005_0395,loco_plateau,43,0.014207025776143934,0.02768254280090332
b005_0397,loco_plateau,43,0.009324442412032456,0.023648768663406372
b005_0398,loco_plateau,43,0.013576070304776802,0.020430564880371094
b004_0101,loco_plateau,44,0.00815349597422803,0.02513432502746582
b004_0106,loco_plateau,44,0.006345118411251756,0.01869693398475647
b004_0115,loco_plateau,44,0.006538698174914375,0.014895588159561157
b004_0130,loco_plateau,44,0.006235342045299342,0.01954108476638794
b004_0136,loco_plateau,44,0.006730170951026385,0.019416064023971558
b004_0147,loco_plateau,44,0.011499006667586624,0.020204082131385803
b004_0154,loco_plateau,44,0.008615917052890434,0.02315884828567505
b004_0155,loco_plateau,44,0.008453466120313426,0.02242887020111084
b004_0163,loco_plateau,44,0.00895265917308995,0.036599576473236084
b004_0166,loco_plateau,44,0.0063719597385555014,0.02198052406311035
b004_0189,loco_plateau,44,0.007902924643188227,0.027019858360290527
b004_0192,loco_plateau,44,0.00903948933863249,0.018819153308868408
b004_0198,loco_plateau,44,0.0074187307084193,0.01109611988067627
b004_0206,loco_plateau,44,0.01724204445471529,0.042942196130752563
b004_0208,loco_plateau,44,0.008802258027870147,0.011356532573699951
b004_0209,loco_plateau,44,0.010632657613910612,0.02195078134536743
b004_0226,loco_plateau,44,0.008140221482417623,0.029980361461639404
b004_0229,loco_plateau,44,0.007087036845136861,0.021144777536392212
b004_0232,loco_plateau,44,0.00858473997624194,0.02034074068069458
b004_0238,loco_plateau,44,0.008086764177338022,0.03217226266860962
b004_0269,loco_plateau,44,0.011582548256780281,0.027337640523910522
b004_0270,loco_plateau,44,0.00816696863926825,0.0270540714263916
b004_0276,loco_plateau,44,0.009975299972002624,0.03616690635681152
b004_0280,loco_plateau,44,0.009126722385160258,0.021832823753356934
b004_0284,loco_plateau,44,0.015421943342099424,0.03187784552574158
b004_0285,loco_plateau,44,0.010891595824820096,0.025438368320465088
b004_0286,loco_plateau,44,0.007833232034425267,0.02512282133102417
b004_0291,loco_plateau,44,0.006815574757876943,0.03018432855606079
b004_0298,loco_plateau,44,0.008824351625364334,0.019127607345581055
b004_0303,loco_plateau,44,0.008501398025966082,0.021376147866249084
b004_0312,loco_plateau,44,0.011084383872688794,0.02514377236366272
b004_0328,loco_plateau,44,0.006996573178006,0.013866126537322998
b004_0335,loco_plateau,44,0.011226476948769366,0.030540674924850464
b004_0336,loco_plateau,44,0.012144518435978498,0.019189834594726562
b004_0367,loco_plateau,44,0.007874868443754852,0.023300856351852417
b004_0378,loco_plateau,44,0.010911877465541245,0.02392435073852539
b004_0379,loco_plateau,44,0.007575378615836628,0.017706014215946198
b004_0385,loco_plateau,44,0.007320119953546368,0.009906470775604248
b004_0387,loco_plateau,44,0.012847012427986646,0.023957371711730957
b005_0318,loco_plateau,44,0.007598530806478907,0.02026638388633728
b005_0319,loco_plateau,44,0.011059319875279411,0.030122458934783936
b005_0320,loco_plateau,44,0.0065358849089653765,0.027272790670394897
b005_0322,loco_plateau,44,0.007772817597037456,0.028508484363555908
b005_0323,loco_plateau,44,0.00798577045808073,0.02234417200088501
b005_0324,loco_plateau,44,0.009324256636080195,0.032180339097976685
b005_0325,loco_plateau,44,0.006153676597798457,0.016874879598617554
b005_0326,loco_plateau,44,0.01117823207292889,0.038872748613357544
b005_0327,loco_plateau,44,0.0060415092061777585,0.01452299952507019
b005_0328,loco_plateau,44,0.007815738193324356,0.03128689527511597
b005_0329,loco_plateau,44,0.007999697425326363,0.023778975009918213
b005_0330,loco_plateau,44,0.00622098233367576,0.015468239784240723
b005_0331,loco_plateau,44,0.0077362060546875,0.03913801908493042
b005_0332,loco_plateau,44,0.005029184896437848,0.02102142572402954
b005_0333,loco_plateau,44,0.006049648049424906,0.023647457361221313
b005_0334,loco_plateau,44,0.009072488815080925,0.023847520351409912
b005_0336,loco_plateau,44,0.0071663333744299215,0.021676182746887207
b005_0338,loco_plateau,44,0.014419512914829567,0.04409259557723999
b005_0339,loco_plateau,44,0.00745183027914313,0.0274355411529541
b005_0341,loco_plateau,44,0.007831781430811178,0.021487653255462646
b005_0344,loco_plateau,44,0.007541939616203308,0.03041815757751465
b005_0345,loco_plateau,44,0.007756974609171758,0.014724254608154297
b005_0346,loco_plateau,44,0.011795361877464857,0.042554497718811035
b005_0347,loco_plateau,44,0.013495996350147685,0.02735733985900879
b005_0348,loco_plateau,44,0.006888446993515139,0.03752771019935608
b005_0349,loco_plateau,44,0.010771378050329255,0.042154669761657715
b005_0350,loco_plateau,44,0.011207041926071292,0.03450727462768555
b005_0351,loco_plateau,44,0.008961910046026355,0.031777918338775635
b005_0352,loco_plateau,44,0.012111302648411423,0.030112355947494507
b005_0353,loco_plateau,44,0.0059807918599394504,0.02593553066253662
b005_0354,loco_plateau,44,0.010997444635531942,0.03675273060798645
b005_0355,loco_plateau,44,0.009002093653209874,0.007464498281478882
b005_0356,loco_plateau,44,0.0080637589829867,0.03048497438430786
b005_0359,loco_plateau,44,0.010067745401966767,0.0315936803817749
b005_0360,loco_plateau,44,0.00613640199919216,0.023849070072174072
b005_0361,loco_plateau,44,0.008590177373319376,0.045153141021728516
b005_0362,loco_plateau,44,0.008592767549342796,0.02747201919555664
b005_0363,loco_plateau,44,0.007986199416098048,0.020988240838050842
b005_0364,loco_plateau,44,0.014087262945097,0.02896970510482788
b005_0365,loco_plateau,44,0.010982409424957682,0.03894400596618652
b005_0366,loco_plateau,44,0.011247832999854792,0.04708206653594971
b005_0367,loco_plateau,44,0.006810694810796956,0.021582692861557007
b005_0369,loco_plateau,44,0.01201136507948891,0.04751408100128174
b005_0370,loco_plateau,44,0.006182269727597471,0.013462603092193604
b005_0374,loco_plateau,44,0.00879337553118096,0.023144051432609558
b005_0376,loco_plateau,44,0.010804565592867429,0.025838524103164673
b005_0377,loco_plateau,44,0.007316010897276831,0.018537044525146484
b005_0378,loco_plateau,44,0.006080743230757166,0.028498470783233643
b005_0379,loco_plateau,44,0.011500040282968615,0.023748576641082764
b005_0380,loco_plateau,44,0.006753885294081735,0.015327036380767822
b005_0381,loco_plateau,44,0.008183428987127836,0.007953256368637085
b005_0382,loco_plateau,44,0.0040318191540045815,0.014611393213272095
b005_0383,loco_plateau,44,0.0170437150680628,0.04130680859088898
b005_0384,loco_plateau,44,0.007905625173302948,0.06724709272384644
b005_0386,loco_plateau,44,0.009282357013616406,0.02140328288078308
b005_0387,loco_plateau,44,0.009669085659208845,0.03724932670593262
b005_0388,loco_plateau,44,0.009750628202665047,0.02954345941543579
b005_0391,loco_plateau,44,0.007682325410061195,0.011803686618804932
b005_0392,loco_plateau,44,0.007731826090421833,0.01825493574142456
b005_0393,loco_plateau,44,0.008059333093830796,0.03011631965637207
b005_0394,loco_plateau,44,0.00965545998244989,0.0384674072265625
b005_0395,loco_plateau,44,0.013874142629201294,0.028473079204559326
b005_0397,loco_plateau,44,0.008686850061182116,0.023688942193984985
b005_0398,loco_plateau,44,0.015530134810776006,0.024015486240386963
b004_0101,loco_plateau,45,0.0118810771430125,0.04083031415939331
b004_0106,loco_plateau,45,0.006486730863813494,0.023849904537200928
b004_0115,loco_plateau,45,0.007968571342405726,0.015336468815803528
b004_0130,loco_plateau,45,0.008828618853795723,0.027827084064483643
b004_0136,loco_plateau,45,0.007691020726180467,0.02142980694770813
b004_0147,loco_plateau,45,0.009584024670671244,0.026309430599212646
b004_0154,loco_plateau,45,0.010361524085040952,0.030665576457977295
b004_0155,loco_plateau,45,0.008180892614067578,0.022660210728645325
b004_0163,loco_plateau,45,0.015252052516233726,0.029800713062286377
b004_0166,loco_plateau,45,0.006907182211270098,0.03094249963760376
b004_0189,loco_plateau,45,0.007577245841260816,0.028624773025512695
b004_0192,loco_plateau,45,0.007512249235735565,0.020354360342025757
b004_0198,loco_plateau,45,0.007539008240230748,0.006829619407653809
b004_0206,loco_plateau,45,0.01922798083453882,0.04756024479866028
b004_0208,loco_plateau,45,0.006301883119540137,0.01273411512374878
b004_0209,loco_plateau,45,0.008129300885513181,0.016589462757110596
b004_0226,loco_plateau,45,0.00779951205019091,0.03532034158706665
b004_0229,loco_plateau,45,0.009578129429309095,0.025062263011932373
b004_0232,loco_plateau,45,0.008213211522727717,0.020426183938980103
b004_0238,loco_plateau,45,0.006645336136466167,0.03428041934967041
b004_0269,loco_plateau,45,0.00848587272597141,0.024770021438598633
b004_0270,loco_plateau,45,0.006940873981010718,0.026052355766296387
b004_0276,loco_plateau,45,0.008502834766614632,0.036727964878082275
b004_0280,loco_plateau,45,0.008377960043363884,0.028461039066314697
b004_0284,loco_plateau,45,0.013367769415261315,0.028437882661819458
b004_0285,loco_plateau,45,0.009464018413277923,0.031018316745758057
b004_0286,loco_plateau,45,0.008363590499416727,0.024489164352416992
b004_0291,loco_plateau,45,0.0074698253855353496,0.03059612214565277
b004_0298,loco_plateau,45,0.007731318718097249,0.013738006353378296
b004_0303,loco_plateau,45,0.007600470644528749,0.032267987728118896
b004_0312,loco_plateau,45,0.009261116874022562,0.020336493849754333
b004_0328,loco_plateau,45,0.006402503332642258,0.01660880446434021
b004_0335,loco_plateau,45,0.01078254204304492,0.0313032865524292
b004_0336,loco_plateau,45,0.013434171432354411,0.016804873943328857
b004_0367,loco_plateau,45,0.010691929547513117,0.04229724407196045
b004_0378,loco_plateau,45,0.00810785164109996,0.04069298505783081
b004_0379,loco_plateau,45,0.0058706209185670636,0.024116039276123047
b004_0385,loco_plateau,45,0.0059131899329482535,0.022706985473632812
b004_0387,loco_plateau,45,0.012909694284689232,0.02427297830581665
b005_0318,loco_plateau,45,0.012359149631906728,0.038201987743377686
b005_0319,loco_plateau,45,0.006345114502750459,0.022721558809280396
b005_0320,loco_plateau,45,0.005836308307823588,0.02639099955558777
b005_0322,loco_plateau,45,0.008735954272942464,0.026785433292388916
b005_0323,loco_plateau,45,0.008133117292748123,0.02778303623199463
b005_0324,loco_plateau,45,0.00980897504286688,0.02778524160385132
b005_0325,loco_plateau,45,0.0068942335296849734,0.0209658145904541
b005_0326,loco_plateau,45,0.012408468887576313,0.031554460525512695
b005_0327,loco_plateau,45,0.0067450777917611796,0.013847380876541138
b005_0328,loco_plateau,45,0.007275474853202945,0.04004716873168945
b005_0329,loco_plateau,45,0.00955789035460988,0.02508753538131714
b005_0330,loco_plateau,45,0.006145832602117882,0.02812892198562622
b005_0331,loco_plateau,45,0.007714249987582691,0.045840442180633545
b005_0332,loco_plateau,45,0.005702785903313121,0.031682491302490234
b005_0333,loco_plateau,45,0.0058743345444319675,0.024860471487045288
b005_0334,loco_plateau,45,0.01173379076797454,0.036189377307891846
b005_0336,loco_plateau,45,0.009139646760752945,0.021091997623443604
b005_0338,loco_plateau,45,0.009564238004997129,0.052068889141082764
b005_0339,loco_plateau,45,0.006765753702550638,0.035370081663131714
b005_0341,loco_plateau,45,0.004882705016214339,0.020975351333618164
b005_0344,loco_plateau,45,0.015751558981957983,0.0445210337638855
b005_0345,loco_plateau,45,0.00591623489973975,0.01669323444366455
b005_0346,loco_plateau,45,0.010432485979600031,0.045316219329833984
b005_0347,loco_plateau,45,0.011361915557110896,0.026366889476776123
b005_0348,loco_plateau,45,0.00926839572484376,0.04111146926879883
b005_0349,loco_plateau,45,0.010134895103143865,0.05479317903518677
b005_0350,loco_plateau,45,0.007246129947607634,0.02534589171409607
b005_0351,loco_plateau,45,0.00916818840826144,0.03564804792404175
b005_0352,loco_plateau,45,0.01269602299225135,0.0347764790058136
b005_0353,loco_plateau,45,0.007889031631047608,0.03634375333786011
b005_0354,loco_plateau,45,0.012138872117292686,0.04230645298957825
b005_0355,loco_plateau,45,0.011385781110310163,0.011581778526306152
b005_0356,loco_plateau,45,0.009005454720043745,0.04005378484725952
b005_0359,loco_plateau,45,0.009387358442926015,0.03229254484176636
b005_0360,loco_plateau,45,0.006870331090004718,0.028564393520355225
b005_0361,loco_plateau,45,0.011521073333064064,0.05958271026611328
b005_0362,loco_plateau,45,0.008870280179821078,0.030616700649261475
b005_0363,loco_plateau,45,0.006987689215628827,0.015198230743408203
b005_0364,loco_plateau,45,0.008639363236114627,0.028520941734313965
b005_0365,loco_plateau,45,0.009218274692042928,0.035874903202056885
b005_0366,loco_plateau,45,0.013508044549676239,0.049587905406951904
b005_0367,loco_plateau,45,0.005665933011008091,0.019177913665771484
b005_0369,loco_plateau,45,0.009712591767311096,0.051151156425476074
b005_0370,loco_plateau,45,0.009891406923043923,0.023485183715820312
b005_0374,loco_plateau,45,0.010933287075308502,0.0247134268283844
b005_0376,loco_plateau,45,0.007491031081461516,0.029595375061035156
b005_0377,loco_plateau,45,0.008683539072021108,0.02426689863204956
b005_0378,loco_plateau,45,0.01761771665244806,0.02784121036529541
b005_0379,loco_plateau,45,0.007398480763200854,0.0227658748626709
b005_0380,loco_plateau,45,0.005796300949620419,0.01659025251865387
b005_0381,loco_plateau,45,0.007498187608406192,0.028426647186279297
b005_0382,loco_plateau,45,0.004911935476006054,0.013812541961669922
b005_0383,loco_plateau,45,0.021574031195191086,0.051719918847084045
b005_0384,loco_plateau,45,0.014946196655758092,0.0733233094215393
b005_0386,loco_plateau,45,0.008146833933767725,0.03770381212234497
b005_0387,loco_plateau,45,0.011377791614561785,0.03702172636985779
b005_0388,loco_plateau,45,0.006206542742056924,0.02885061502456665
b005_0391,loco_plateau,45,0.006486111915990954,0.027279794216156006
b005_0392,loco_plateau,45,0.0072782999667965,0.030659854412078857
b005_0393,loco_plateau,45,0.007842773296793953,0.036207377910614014
b005_0394,loco_plateau,45,0.010452055906663175,0.052234649658203125
b005_0395,loco_plateau,45,0.011892330451089828,0.025416076183319092
b005_0397,loco_plateau,45,0.010232529190720105,0.023412227630615234
b005_0398,loco_plateau,45,0.017146137405614385,0.023007512092590332
b004_0101,loco_plateau,46,0.015005227727968185,0.041144728660583496
b004_0106,loco_plateau,46,0.005844200793348375,0.017421603202819824
b004_0115,loco_plateau,46,0.007825020395341466,0.010288521647453308
b004_0130,loco_plateau,46,0.005533344738307546,0.02341175079345703
b004_0136,loco_plateau,46,0.006823862307384366,0.021382510662078857
b004_0147,loco_plateau,46,0.011719239356576419,0.027720779180526733
b004_0154,loco_plateau,46,0.0075579653875749615,0.025528758764266968
b004_0155,loco_plateau,46,0.009676911303254425,0.02740618586540222
b004_0163,loco_plateau,46,0.012085449744443425,0.02740299701690674
b004_0166,loco_plateau,46,0.007488280656884928,0.029391050338745117
b004_0189,loco_plateau,46,0.006762094673563222,0.02659851312637329
b004_0192,loco_plateau,46,0.007752031881789692,0.02542164921760559
b004_0198,loco_plateau,46,0.006463701119188403,0.009037420153617859
b004_0206,loco_plateau,46,0.013018417798104833,0.03772658109664917
b004_0208,loco_plateau,46,0.005855641281995617,0.01368415355682373
b004_0209,loco_plateau,46,0.010540568437732633,0.020183444023132324
b004_0226,loco_plateau,46,0.006911151477547943,0.029126644134521484
b004_0229,loco_plateau,46,0.00636665865046079,0.027125179767608643
b004_0232,loco_plateau,46,0.009063983305555875,0.024869918823242188
b004_0238,loco_plateau,46,0.0068081926371230455,0.03513336181640625
b004_0269,loco_plateau,46,0.0075287161791910895,0.02231621742248535
b004_0270,loco_plateau,46,0.009075533720802088,0.026314914226531982
b004_0276,loco_plateau,46,0.007911670525543025,0.02668440341949463
b004_0280,loco_plateau,46,0.007847577516661316,0.036710381507873535
b004_0284,loco_plateau,46,0.013661364795731717,0.02761441469192505
b004_0285,loco_plateau,46,0.009879203604870155,0.03070974349975586
b004_0286,loco_plateau,46,0.007935788360286931,0.028693795204162598
b004_0291,loco_plateau,46,0.007934038756323642,0.028627678751945496
b004_0298,loco_plateau,46,0.010282550434597203,0.011856317520141602
b004_0303,loco_plateau,46,0.00625260955974704,0.016058892011642456
b004_0312,loco_plateau,46,0.012070291843570646,0.014240443706512451
b004_0328,loco_plateau,46,0.005699523220785329,0.014423131942749023
b004_0335,loco_plateau,46,0.009089796513807579,0.025224268436431885
b004_0336,loco_plateau,46,0.012983316525084073,0.017139166593551636
b004_0367,loco_plateau,46,0.007459450940616796,0.032232582569122314
b004_0378,loco_plateau,46,0.00975582205125543,0.044447243213653564
b004_0379,loco_plateau,46,0.0059796150346271325,0.021463513374328613
b004_0385,loco_plateau,46,0.0054855231867461905,0.024668991565704346
b004_0387,loco_plateau,46,0.013439191902270083,0.02566695213317871
b005_0318,loco_plateau,46,0.011775329220490377,0.03365278244018555
b005_0319,loco_plateau,46,0.006853344987650387,0.02966219186782837
b005_0320,loco_plateau,46,0.007248320601514128,0.03192096948623657
b005_0322,loco_plateau,46,0.014170243053651247,0.028045952320098877
b005_0323,loco_plateau,46,0.007727655475256873,0.023252904415130615
b005_0324,loco_plateau,46,0.010427018291637545,0.03344723582267761
b005_0325,loco_plateau,46,0.006637788942602814,0.0195389986038208
b005_0326,loco_plateau,46,0.014596794304422667,0.029950574040412903
b005_0327,loco_plateau,46,0.005699649941725809,0.015041232109069824
b005_0328,loco_plateau,46,0.006582787779510998,0.041235268115997314
b005_0329,loco_plateau,46,0.014455135728492111,0.027016520500183105
b005_0330,loco_plateau,46,0.005655402409248665,0.022748708724975586
b005_0331,loco_plateau,46,0.010942428388067933,0.06158393621444702
b005_0332,loco_plateau,46,0.006449221709712607,0.017142176628112793
b005_0333,loco_plateau,46,0.007235411737785965,0.03277251124382019
b005_0334,loco_plateau,46,0.008413633484332288,0.021754801273345947
b005_0336,loco_plateau,46,0.005873933190205058,0.02267003059387207
b005_0338,loco_plateau,46,0.010294122529811546,0.028437316417694092
b005_0339,loco_plateau,46,0.0069018880241229884,0.04130280017852783
b005_0341,loco_plateau,46,0.00497645475581044,0.02171558141708374
b005_0344,loco_plateau,46,0.007096295474005527,0.03642010688781738
b005_0345,loco_plateau,46,0.005749892748770167,0.020689666271209717
b005_0346,loco_plateau,46,0.01149815833959423,0.05528879165649414
b005_0347,loco_plateau,46,0.022289852626988144,0.033024296164512634
b005_0348,loco_plateau,46,0.012366372786584447,0.046160221099853516
b005_0349,loco_plateau,46,0.009462640941387317,0.041903674602508545
b005_0350,loco_plateau,46,0.008012864494421443,0.027599304914474487
b005_0351,loco_plateau,46,0.008441447784177592,0.037490665912628174
b005_0352,loco_plateau,46,0.015621520456720571,0.038848817348480225
b005_0353,loco_plateau,46,0.009174405307066246,0.04112124443054199
b005_0354,loco_plateau,46,0.011559425807390057,0.042101144790649414
b005_0355,loco_plateau,46,0.009424849856095235,0.009285330772399902
b005_0356,loco_plateau,46,0.007754469992684536,0.03807729482650757
b005_0359,loco_plateau,46,0.007929341806495776,0.038617074489593506
b005_0360,loco_plateau,46,0.006074567676567641,0.02446150779724121
b005_0361,loco_plateau,46,0.016887567326670787,0.06995326280593872
b005_0362,loco_plateau,46,0.008290149393628855,0.027098238468170166
b005_0363,loco_plateau,46,0.0055643114887300085,0.01237855851650238
b005_0364,loco_plateau,46,0.008334350146231104,0.02903503179550171
b005_0365,loco_plateau,46,0.009007074366338918,0.03354489803314209
b005_0366,loco_plateau,46,0.011415701176299423,0.049198925495147705
b005_0367,loco_plateau,46,0.005514041810739236,0.020638763904571533
b005_0369,loco_plateau,46,0.011861946983415573,0.03515571355819702
b005_0370,loco_plateau,46,0.007944670124132126,0.026575684547424316
b005_0374,loco_plateau,46,0.008773703067029109,0.026617228984832764
b005_0376,loco_plateau,46,0.00851459581343854,0.031902015209198
b005_0377,loco_plateau,46,0.0062362326950323385,0.01789790391921997
b005_0378,loco_plateau,46,0.007099061960079631,0.028908848762512207
b005_0379,loco_plateau,46,0.009337643375162219,0.024221599102020264
b005_0380,loco_plateau,46,0.006853734799584404,0.01821465790271759
b005_0381,loco_plateau,46,0.006956207947652848,0.016038835048675537
b005_0382,loco_plateau,46,0.005698070907201923,0.01812070608139038
b005_0383,loco_plateau,46,0.01808213051713881,0.0360880047082901
b005_0384,loco_plateau,46,0.018964686598934112,0.053797364234924316
b005_0386,loco_plateau,46,0.012211796323784063,0.02742554247379303
b005_0387,loco_plateau,46,0.012256861007848724,0.0451909601688385
b005_0388,loco_plateau,46,0.005830147227302926,0.030059218406677246
b005_0391,loco_plateau,46,0.006218981974926151,0.02077484130859375
b005_0392,loco_plateau,46,0.006929217791948162,0.018293440341949463
b005_0393,loco_plateau,46,0.011256742184279396,0.04356110095977783
b005_0394,loco_plateau,46,0.010654802449413987,0.04136478900909424
b005_0395,loco_plateau,46,0.016557082533836365,0.03668653964996338
b005_0397,loco_plateau,46,0.009389085603542015,0.032478511333465576
b005_0398,loco_plateau,46,0.008869510205065618,0.02434486150741577
b004_0121,loco_decay,42,0.0105986409499997,0.022729873657226562
b004_0126,loco_decay,42,0.009644342983355288,0.04376405477523804
b004_0148,loco_decay,42,0.008799568917907652,0.025928258895874023
b004_0156,loco_decay,42,0.014184237503614581,0.035208940505981445
b004_0177,loco_decay,42,0.007240085083930219,0.01763051748275757
b004_0179,loco_decay,42,0.02064030776258375,0.04678025841712952
b004_0180,loco_decay,42,0.007223336911592327,0.025677740573883057
b004_0182,loco_decay,42,0.012222501586695186,0.027962714433670044
b004_0183,loco_decay,42,0.006398236043140536,0.0037984848022460938
b004_0186,loco_decay,42,0.006827755663238588,0.04071664810180664
b004_0191,loco_decay,42,0.0068531866933478685,0.02115452289581299
b004_0210,loco_decay,42,0.008496229399423131,0.021798908710479736
b004_0213,loco_decay,42,0.008629912113557096,0.020277708768844604
b004_0215,loco_decay,42,0.008865833404611369,0.02918115258216858
b004_0217,loco_decay,42,0.011341448201507818,0.029797881841659546
b004_0218,loco_decay,42,0.016929814561468658,0.03604823350906372
b004_0219,loco_decay,42,0.015385110725144872,0.038440167903900146
b004_0220,loco_decay,42,0.009424096248188957,0.037685930728912354
b004_0224,loco_decay,42,0.01028329427125024,0.01931244134902954
b004_0227,loco_decay,42,0.010504849987928985,0.026098862290382385
b004_0241,loco_decay,42,0.009509164412490657,0.019321322441101074
b004_0242,loco_decay,42,0.0224252064697078,0.04970309138298035
b004_0268,loco_decay,42,0.012421324604847392,0.030320703983306885
b004_0272,loco_decay,42,0.010192549008815015,0.020886480808258057
b004_0279,loco_decay,42,0.027303501230771424,0.05787190794944763
b004_0283,loco_decay,42,0.013676285255150716,0.033838480710983276
b004_0287,loco_decay,42,0.006417698791769684,0.011056259274482727
b004_0288,loco_decay,42,0.01036375419038241,0.018147706985473633
b004_0294,loco_decay,42,0.005975719480240931,0.011442780494689941
b004_0304,loco_decay,42,0.018055274838306865,0.04763072729110718
b004_0314,loco_decay,42,0.00901909734382004,0.020489037036895752
b004_0321,loco_decay,42,0.01100528826479052,0.02374383807182312
b004_0322,loco_decay,42,0.01601165581922062,0.038863033056259155
b004_0325,loco_decay,42,0.011261916551433626,0.030187904834747314
b004_0326,loco_decay,42,0.006906631173657589,0.024405747652053833
b004_0346,loco_decay,42,0.006696395576000214,0.014732062816619873
b004_0347,loco_decay,42,0.011410413706888918,0.026349276304244995
b004_0349,loco_decay,42,0.010005552016320775,0.025320708751678467
b004_0358,loco_decay,42,0.014628566190844676,0.02324041724205017
b004_0362,loco_decay,42,0.009969183656035876,0.060273587703704834
b004_0366,loco_decay,42,0.02404103415911315,0.05313771963119507
b004_0371,loco_decay,42,0.010812903158977384,0.029492080211639404
b004_0373,loco_decay,42,0.010975154696917925,0.022946715354919434
b004_0381,loco_decay,42,0.006563868434702764,0.019633948802947998
b004_0390,loco_decay,42,0.006097724569625542,0.015490531921386719
b004_0397,loco_decay,42,0.0292878478276925,0.06541669368743896
b005_0399,loco_decay,42,0.009986501003875107,0.042220234870910645
b005_0400,loco_decay,42,0.010678420545624906,0.02434152364730835
b005_0401,loco_decay,42,0.007641070201748707,0.02708914875984192
b005_0402,loco_decay,42,0.017785330532027074,0.034679412841796875
b005_0404,loco_decay,42,0.01951067760342457,0.03897577524185181
b005_0405,loco_decay,42,0.012622627322791053,0.04049497842788696
b005_0406,loco_decay,42,0.009046746081993228,0.04388582706451416
b005_0408,loco_decay,42,0.017686315247269928,0.0245894193649292
b005_0409,loco_decay,42,0.009867248720810061,0.0126725435256958
b005_0410,loco_decay,42,0.007145630775905046,0.019004106521606445
b005_0411,loco_decay,42,0.011156522103997528,0.035008132457733154
b005_0412,loco_decay,42,0.014945795790093844,0.042274296283721924
b005_0413,loco_decay,42,0.013629763707762858,0.018801569938659668
b005_0414,loco_decay,42,0.01266645896630209,0.026989400386810303
b005_0415,loco_decay,42,0.014667805589613368,0.02910029888153076
b005_0416,loco_decay,42,0.01893101070748001,0.022765517234802246
b005_0417,loco_decay,42,0.009726243918059303,0.022631943225860596
b005_0418,loco_decay,42,0.006766177347449005,0.02445155382156372
b005_0419,loco_decay,42,0.01605184986943104,0.018700480461120605
b005_0420,loco_decay,42,0.014468015217390216,0.02185918390750885
b005_0421,loco_decay,42,0.011309853831275564,0.03711587190628052
b005_0422,loco_decay,42,0.01081347209019739,0.020255476236343384
b005_0423,loco_decay,42,0.014965602853259102,0.030538052320480347
b005_0424,loco_decay,42,0.011264361807557403,0.010816484689712524
b005_0425,loco_decay,42,0.01946558278115069,0.04264834523200989
b005_0426,loco_decay,42,0.009498849022583883,0.02464085817337036
b005_0427,loco_decay,42,0.017200083029074748,0.01508834958076477
b005_0428,loco_decay,42,0.009206267653918658,0.018076837062835693
b005_0429,loco_decay,42,0.012810065120947166,0.02295231819152832
b005_0430,loco_decay,42,0.008407336766602562,0.016336441040039062
b005_0431,loco_decay,42,0.026175672402147385,0.04568910598754883
b005_0433,loco_decay,42,0.005318553721318479,0.019488215446472168
b005_0434,loco_decay,42,0.009321170385743751,0.013647377490997314
b005_0435,loco_decay,42,0.006970098028417493,0.012420117855072021
b005_0437,loco_decay,42,0.00882852944682856,0.024561583995819092
b005_0438,loco_decay,42,0.012376167246552765,0.033784568309783936
b005_0440,loco_decay,42,0.00980095736315993,0.027344107627868652
b005_0441,loco_decay,42,0.01055270824276033,0.024260520935058594
b005_0442,loco_decay,42,0.00637413854481744,0.025793612003326416
b005_0443,loco_decay,42,0.011667648544077014,0.03920590877532959
b005_0444,loco_decay,42,0.01244407208239446,0.043678224086761475
b005_0445,loco_decay,42,0.01547253815854182,0.02882760763168335
b005_0446,loco_decay,42,0.010261349257875661,0.02361816167831421
b005_0447,loco_decay,42,0.039959649082090036,0.06822875142097473
b005_0449,loco_decay,42,0.006836085534486614,0.025662124156951904
b005_0450,loco_decay,42,0.012230144172418312,0.03561198711395264
b005_0451,loco_decay,42,0.011430874711177388,0.029909878969192505
b005_0452,loco_decay,42,0.01249130265634568,0.02047055959701538
b005_0453,loco_decay,42,0.012227770979287194,0.02212083339691162
b005_0454,loco_decay,42,0.009002336224571604,0.023148834705352783
b005_0455,loco_decay,42,0.00960434313680305,0.021884560585021973
b005_0456,loco_decay,42,0.01047419231446063,0.017993956804275513
b005_0457,loco_decay,42,0.008692641727259903,0.030223071575164795
b005_0458,loco_decay,42,0.01571767349712184,0.02305394411087036
b005_0459,loco_decay,42,0.01571749321749953,0.01750725507736206
b005_0460,loco_decay,42,0.013337032961063698,0.024561762809753418
b005_0461,loco_decay,42,0.011847860744742096,0.041758179664611816
b005_0462,loco_decay,42,0.011336294109704064,0.023924708366394043
b005_0463,loco_decay,42,0.010338631809734907,0.02181529998779297
b005_0465,loco_decay,42,0.016940979928266806,0.018610894680023193
b005_0466,loco_decay,42,0.008389640416278214,0.01908046007156372
b005_0467,loco_decay,42,0.014094758229177506,0.03322196006774902
b005_0468,loco_decay,42,0.016851700231677195,0.023088574409484863
b005_0469,loco_decay,42,0.01309227076221685,0.032562851905822754
b005_0470,loco_decay,42,0.016913784331962712,0.04387548565864563
b005_0471,loco_decay,42,0.007248053052386299,0.025680363178253174
b005_0474,loco_decay,42,0.007569162083453819,0.0162908136844635
b004_0121,loco_decay,43,0.009840736623670234,0.027944415807724
b004_0126,loco_decay,43,0.009996307800050641,0.03592252731323242
b004_0148,loco_decay,43,0.010064028569909393,0.022178828716278076
b004_0156,loco_decay,43,0.012775493938414777,0.03774252533912659
b004_0177,loco_decay,43,0.010953471308848897,0.020431607961654663
b004_0179,loco_decay,43,0.03612974383791939,0.08947053551673889
b004_0180,loco_decay,43,0.010717162954025581,0.021856307983398438
b004_0182,loco_decay,43,0.013011668060646683,0.03968369960784912
b004_0183,loco_decay,43,0.009728084700029404,0.0039809346199035645
b004_0186,loco_decay,43,0.011798553657336314,0.05912834405899048
b004_0191,loco_decay,43,0.010078004393421236,0.016083478927612305
b004_0210,loco_decay,43,0.014414876943728963,0.031093835830688477
b004_0213,loco_decay,43,0.011315557556074173,0.026845932006835938
b004_0215,loco_decay,43,0.014101103681032776,0.03378179669380188
b004_0217,loco_decay,43,0.024674219186188746,0.06554809212684631
b004_0218,loco_decay,43,0.0226520622362856,0.060872822999954224
b004_0219,loco_decay,43,0.012774407008632284,0.040975332260131836
b004_0220,loco_decay,43,0.008390112489950462,0.023145020008087158
b004_0224,loco_decay,43,0.008356965467578074,0.020695090293884277
b004_0227,loco_decay,43,0.013270018164251671,0.02450484037399292
b004_0241,loco_decay,43,0.011622067968376348,0.019203782081604004
b004_0242,loco_decay,43,0.03327590862258536,0.07925784587860107
b004_0268,loco_decay,43,0.014191877646524399,0.04089617729187012
b004_0272,loco_decay,43,0.014139448887989169,0.008104071021080017
b004_0279,loco_decay,43,0.03021129184081906,0.06760475039482117
b004_0283,loco_decay,43,0.01606267397520972,0.043947041034698486
b004_0287,loco_decay,43,0.010014264676414553,0.014960169792175293
b004_0288,loco_decay,43,0.011804091637251808,0.03362622857093811
b004_0294,loco_decay,43,0.010826273775491559,0.013172000646591187
b004_0304,loco_decay,43,0.045947536093289734,0.11728367209434509
b004_0314,loco_decay,43,0.014232519342273962,0.029821574687957764
b004_0321,loco_decay,43,0.025250270718433818,0.069101482629776
b004_0322,loco_decay,43,0.019543237373477122,0.057298898696899414
b004_0325,loco_decay,43,0.009801911403898333,0.045405685901641846
b004_0326,loco_decay,43,0.007973415441200381,0.01592189073562622
b004_0346,loco_decay,43,0.011164328846775118,0.01299816370010376
b004_0347,loco_decay,43,0.02417100013279524,0.06433671712875366
b004_0349,loco_decay,43,0.014169688718240769,0.022926807403564453
b004_0358,loco_decay,43,0.017557502281470377,0.0420665442943573
b004_0362,loco_decay,43,0.012675222070490728,0.06305187940597534
b004_0366,loco_decay,43,0.04021014541876121,0.09661591053009033
b004_0371,loco_decay,43,0.014196732615838285,0.02577662467956543
b004_0373,loco_decay,43,0.029734359901459492,0.08148816227912903
b004_0381,loco_decay,43,0.010457671934463939,0.03904467821121216
b004_0390,loco_decay,43,0.009446199433725388,0.01969003677368164
b004_0397,loco_decay,43,0.04723224874402656,0.11571037769317627
b005_0399,loco_decay,43,0.01107055022091162,0.04373437166213989
b005_0400,loco_decay,43,0.014522266314655054,0.026745200157165527
b005_0401,loco_decay,43,0.009455127549953148,0.028589844703674316
b005_0402,loco_decay,43,0.014503498668553398,0.029800891876220703
b005_0404,loco_decay,43,0.02932041736899829,0.07138949632644653
b005_0405,loco_decay,43,0.013795975656782995,0.018666744232177734
b005_0406,loco_decay,43,0.014473417254744983,0.043475985527038574
b005_0408,loco_decay,43,0.01116443217777815,0.028070569038391113
b005_0409,loco_decay,43,0.012334458163527191,0.021224915981292725
b005_0410,loco_decay,43,0.013940068786261512,0.022556066513061523
b005_0411,loco_decay,43,0.013403088953651365,0.028819531202316284
b005_0412,loco_decay,43,0.009713370780475804,0.02772963047027588
b005_0413,loco_decay,43,0.01571281290933734,0.030748486518859863
b005_0414,loco_decay,43,0.007466018688483316,0.026256561279296875
b005_0415,loco_decay,43,0.022595562407227814,0.004829883575439453
b005_0416,loco_decay,43,0.010364731804269259,0.025966882705688477
b005_0417,loco_decay,43,0.024313958453350378,0.055077940225601196
b005_0418,loco_decay,43,0.009549670776382822,0.02244296669960022
b005_0419,loco_decay,43,0.021666552688254685,0.02253812551498413
b005_0420,loco_decay,43,0.02088220588496474,0.01161503791809082
b005_0421,loco_decay,43,0.012039189944501783,0.03950297832489014
b005_0422,loco_decay,43,0.011797834737379043,0.02163863182067871
b005_0423,loco_decay,43,0.018425715018491277,0.036854177713394165
b005_0424,loco_decay,43,0.013925580216235802,0.010428100824356079
b005_0425,loco_decay,43,0.029946961363808054,0.07108747959136963
b005_0426,loco_decay,43,0.011868595099840009,0.021296977996826172
b005_0427,loco_decay,43,0.019316638590859584,0.015533685684204102
b005_0428,loco_decay,43,0.014583155024247091,0.02236354351043701
b005_0429,loco_decay,43,0.016584969934869985,0.021940112113952637
b005_0430,loco_decay,43,0.015023585469996343,0.016902178525924683
b005_0431,loco_decay,43,0.019655077428114218,0.04330170154571533
b005_0433,loco_decay,43,0.005140143339751197,0.01276785135269165
b005_0434,loco_decay,43,0.013381694672537631,0.017446041107177734
b005_0435,loco_decay,43,0.00675960398111187,0.017727941274642944
b005_0437,loco_decay,43,0.009531948532237381,0.0283125638961792
b005_0438,loco_decay,43,0.021151593962653738,0.061206936836242676
b005_0440,loco_decay,43,0.011156861410766352,0.018304646015167236
b005_0441,loco_decay,43,0.029640700484885544,0.08627268671989441
b005_0442,loco_decay,43,0.008561323289988472,0.01743847131729126
b005_0443,loco_decay,43,0.012666819769828046,0.033564746379852295
b005_0444,loco_decay,43,0.017354100698330363,0.041266798973083496
b005_0445,loco_decay,43,0.022652888640028533,0.03116738796234131
b005_0446,loco_decay,43,0.023426292983234905,0.026142597198486328
b005_0447,loco_decay,43,0.07835249480653982,0.15526941418647766
b005_0449,loco_decay,43,0.010863533029790784,0.028977811336517334
b005_0450,loco_decay,43,0.009454073964572344,0.029596030712127686
b005_0451,loco_decay,43,0.010835683492363477,0.0335158109664917
b005_0452,loco_decay,43,0.012431657460869336,0.02082449197769165
b005_0453,loco_decay,43,0.012347267299401955,0.023947179317474365
b005_0454,loco_decay,43,0.019432064939717778,0.047287315130233765
b005_0455,loco_decay,43,0.009456209960531016,0.02539294958114624
b005_0456,loco_decay,43,0.0077190770477545065,0.01674419641494751
b005_0457,loco_decay,43,0.0287192810754307,0.04489833116531372
b005_0458,loco_decay,43,0.0217354451535178,0.04228651523590088
b005_0459,loco_decay,43,0.010610928300951348,0.02107030153274536
b005_0460,loco_decay,43,0.01429007776447984,0.025401920080184937
b005_0461,loco_decay,43,0.020850970241867127,0.033136844635009766
b005_0462,loco_decay,43,0.01607889914121784,0.025635063648223877
b005_0463,loco_decay,43,0.009423128405555349,0.02871495485305786
b005_0465,loco_decay,43,0.021227275738950637,0.020263254642486572
b005_0466,loco_decay,43,0.013646979923131035,0.021503210067749023
b005_0467,loco_decay,43,0.013653819433978347,0.029689371585845947
b005_0468,loco_decay,43,0.020281835657651306,0.025504469871520996
b005_0469,loco_decay,43,0.019085274001613993,0.03719198703765869
b005_0470,loco_decay,43,0.04870826885348461,0.1123274564743042
b005_0471,loco_decay,43,0.014823368338287854,0.018575608730316162
b005_0474,loco_decay,43,0.009663519800686445,0.014020919799804688
b004_0121,loco_decay,44,0.007867047532660062,0.011147081851959229
b004_0126,loco_decay,44,0.008487697507514328,0.02698904275894165
b004_0148,loco_decay,44,0.0110082245263897,0.026342391967773438
b004_0156,loco_decay,44,0.008052737497892535,0.019393622875213623
b004_0177,loco_decay,44,0.01084227273698713,0.012213468551635742
b004_0179,loco_decay,44,0.01242729630626616,0.030118614435195923
b004_0180,loco_decay,44,0.008534844048687668,0.018905848264694214
b004_0182,loco_decay,44,0.011575024147502711,0.02282649278640747
b004_0183,loco_decay,44,0.009409783194299604,0.00923222303390503
b004_0186,loco_decay,44,0.007621140753636594,0.040460824966430664
b004_0191,loco_decay,44,0.009340023652451937,0.023143649101257324
b004_0210,loco_decay,44,0.010441146913121958,0.02731722593307495
b004_0213,loco_decay,44,0.011052074246719236,0.017914533615112305
b004_0215,loco_decay,44,0.011397133840889227,0.03095144033432007
b004_0217,loco_decay,44,0.013408272969918172,0.017125964164733887
b004_0218,loco_decay,44,0.007099800422543385,0.02428451180458069
b004_0219,loco_decay,44,0.011575044422853188,0.03685694932937622
b004_0220,loco_decay,44,0.01070372051880008,0.022074341773986816
b004_0224,loco_decay,44,0.009529316034473356,0.017763495445251465
b004_0227,loco_decay,44,0.011376763831396571,0.01707187294960022
b004_0241,loco_decay,44,0.010883412400230032,0.012221574783325195
b004_0242,loco_decay,44,0.011697472607503171,0.0020705461502075195
b004_0268,loco_decay,44,0.008374267914256111,0.02038004994392395
b004_0272,loco_decay,44,0.010501702667259779,0.018073320388793945
b004_0279,loco_decay,44,0.01775474186803474,0.03804817795753479
b004_0283,loco_decay,44,0.007656211735772305,0.013716280460357666
b004_0287,loco_decay,44,0.011481841079524307,0.010693192481994629
b004_0288,loco_decay,44,0.010984851688635154,0.014535844326019287
b004_0294,loco_decay,44,0.007331207638881246,0.012708723545074463
b004_0304,loco_decay,44,0.0059455432852760694,0.01717662811279297
b004_0314,loco_decay,44,0.009055205300206044,0.012175321578979492
b004_0321,loco_decay,44,0.006396140720023483,0.010272234678268433
b004_0322,loco_decay,44,0.007626214476882435,0.011115461587905884
b004_0325,loco_decay,44,0.008312738821154735,0.029425978660583496
b004_0326,loco_decay,44,0.006663558546636925,0.014731526374816895
b004_0346,loco_decay,44,0.008157868365772435,0.011846542358398438
b004_0347,loco_decay,44,0.012800927044915372,0.027940332889556885
b004_0349,loco_decay,44,0.011422024764975563,0.027561426162719727
b004_0358,loco_decay,44,0.010525989727895767,0.008133500814437866
b004_0362,loco_decay,44,0.011649795242997467,0.05555427074432373
b004_0366,loco_decay,44,0.007966634680013188,0.0199262797832489
b004_0371,loco_decay,44,0.013954952237058858,0.027351737022399902
b004_0373,loco_decay,44,0.009864000511951134,0.009595900774002075
b004_0381,loco_decay,44,0.005915083235404531,0.009913384914398193
b004_0390,loco_decay,44,0.009078048658175547,0.00991600751876831
b004_0397,loco_decay,44,0.012302669345355425,0.029279857873916626
b005_0399,loco_decay,44,0.008913464233523509,0.03894507884979248
b005_0400,loco_decay,44,0.014007813373550039,0.025670230388641357
b005_0401,loco_decay,44,0.007373200821094826,0.028173387050628662
b005_0402,loco_decay,44,0.01169510906348463,0.029241621494293213
b005_0404,loco_decay,44,0.01733334435791266,0.05436927080154419
b005_0405,loco_decay,44,0.018886154181644566,0.030504584312438965
b005_0406,loco_decay,44,0.017853209229766347,0.04075920581817627
b005_0408,loco_decay,44,0.01147966453286468,0.02609163522720337
b005_0409,loco_decay,44,0.013994315120040393,0.011276662349700928
b005_0410,loco_decay,44,0.01080265543499931,0.021923601627349854
b005_0411,loco_decay,44,0.014179016356585456,0.0291903018951416
b005_0412,loco_decay,44,0.016088277101516724,0.027185440063476562
b005_0413,loco_decay,44,0.01667134573713678,0.0077915191650390625
b005_0414,loco_decay,44,0.01449623264250208,0.020998835563659668
b005_0415,loco_decay,44,0.014336904541390841,0.015682101249694824
b005_0416,loco_decay,44,0.026472268045925704,0.024486899375915527
b005_0417,loco_decay,44,0.008666986813310717,0.024358391761779785
b005_0418,loco_decay,44,0.008912816643714905,0.02248084545135498
b005_0419,loco_decay,44,0.029149682306852498,0.02098900079727173
b005_0420,loco_decay,44,0.018691520710460475,0.012284263968467712
b005_0421,loco_decay,44,0.019620676021106908,0.03414022922515869
b005_0422,loco_decay,44,0.01423835351330335,0.013050079345703125
b005_0423,loco_decay,44,0.019080773240230123,0.029114603996276855
b005_0424,loco_decay,44,0.017546815950362407,0.008514761924743652
b005_0425,loco_decay,44,0.010069452348302622,0.022682785987854004
b005_0426,loco_decay,44,0.013623516090580674,0.02012801170349121
b005_0427,loco_decay,44,0.026962440033428004,0.005022704601287842
b005_0428,loco_decay,44,0.011601677683533216,0.02226954698562622
b005_0429,loco_decay,44,0.013966028074749181,0.022514909505844116
b005_0430,loco_decay,44,0.013665553976277837,0.02189815044403076
b005_0431,loco_decay,44,0.022298700985361318,0.04188799858093262
b005_0433,loco_decay,44,0.009596731819090296,0.01751348376274109
b005_0434,loco_decay,44,0.013819090167029958,0.007788121700286865
b005_0435,loco_decay,44,0.007935169534605057,0.012124896049499512
b005_0437,loco_decay,44,0.010148277658908094,0.026963353157043457
b005_0438,loco_decay,44,0.006047410554573184,0.018639028072357178
b005_0440,loco_decay,44,0.011629396286167082,0.025173604488372803
b005_0441,loco_decay,44,0.007702816705234716,0.013461261987686157
b005_0442,loco_decay,44,0.008820700474449845,0.024472296237945557
b005_0443,loco_decay,44,0.014681232635115013,0.03706485033035278
b005_0444,loco_decay,44,0.016338459048114838,0.03595292568206787
b005_0445,loco_decay,44,0.01858415711121481,0.03060215711593628
b005_0446,loco_decay,44,0.015609703347331187,0.02540135383605957
b005_0447,loco_decay,44,0.0319258629298601,0.07670542597770691
b005_0449,loco_decay,44,0.01136991015223206,0.02782762050628662
b005_0450,loco_decay,44,0.004499804289614568,0.02527296543121338
b005_0451,loco_decay,44,0.008416917724687546,0.024126678705215454
b005_0452,loco_decay,44,0.013778339643947413,0.0216902494430542
b005_0453,loco_decay,44,0.013732093157338315,0.023026347160339355
b005_0454,loco_decay,44,0.00852516586663293,0.024708569049835205
b005_0455,loco_decay,44,0.013869581652469322,0.02424490451812744
b005_0456,loco_decay,44,0.011545111898516045,0.01102358102798462
b005_0457,loco_decay,44,0.0064631451348789405,0.03098893165588379
b005_0458,loco_decay,44,0.019770595871034215,0.01582351326942444
b005_0459,loco_decay,44,0.019270169441817236,0.020093083381652832
b005_0460,loco_decay,44,0.01246861527200605,0.02513289451599121
b005_0461,loco_decay,44,0.015081985685669009,0.03955143690109253
b005_0462,loco_decay,44,0.012564006887498449,0.02552860975265503
b005_0463,loco_decay,44,0.01408041060947981,0.016657114028930664
b005_0465,loco_decay,44,0.017627587083910334,0.019858956336975098
b005_0466,loco_decay,44,0.012667203780080452,0.021411895751953125
b005_0467,loco_decay,44,0.017082411001940242,0.021609008312225342
b005_0468,loco_decay,44,0.022965836720388443,0.02451956272125244
b005_0469,loco_decay,44,0.017166327746188054,0.024308323860168457
b005_0470,loco_decay,44,0.019190556201778473,0.019831717014312744
b005_0471,loco_decay,44,0.009218370328184034,0.015639066696166992
b005_0474,loco_decay,44,0.007993154349874278,0.012143999338150024
b004_0121,loco_decay,45,0.010790435017132368,0.031039416790008545
b004_0126,loco_decay,45,0.013451048829516426,0.037725865840911865
b004_0148,loco_decay,45,0.013132956917168663,0.02129673957824707
b004_0156,loco_decay,45,0.01737557180592271,0.05672025680541992
b004_0177,loco_decay,45,0.01159177024344929,0.017962709069252014
b004_0179,loco_decay,45,0.03237052774820171,0.08584380149841309
b004_0180,loco_decay,45,0.011599147417506233,0.024360477924346924
b004_0182,loco_decay,45,0.015395769330321765,0.04842483997344971
b004_0183,loco_decay,45,0.01051003266064847,0.012848496437072754
b004_0186,loco_decay,45,0.011934238012696876,0.05183976888656616
b004_0191,loco_decay,45,0.013065056844812925,0.01948368549346924
b004_0210,loco_decay,45,0.015070298045385079,0.030512839555740356
b004_0213,loco_decay,45,0.01144349074265996,0.01756209135055542
b004_0215,loco_decay,45,0.013738853765315697,0.03081965446472168
b004_0217,loco_decay,45,0.01354158022364632,0.04225882887840271
b004_0218,loco_decay,45,0.019502071083569137,0.05439987778663635
b004_0219,loco_decay,45,0.01572876472453602,0.04431033134460449
b004_0220,loco_decay,45,0.01127354971698073,0.03080683946609497
b004_0224,loco_decay,45,0.009904730515401871,0.02727368474006653
b004_0227,loco_decay,45,0.014617254865951225,0.020451396703720093
b004_0241,loco_decay,45,0.01608215907558066,0.01958450675010681
b004_0242,loco_decay,45,0.026967499588356644,0.07182478904724121
b004_0268,loco_decay,45,0.022203546567041366,0.07162413001060486
b004_0272,loco_decay,45,0.012247250461187518,0.026852667331695557
b004_0279,loco_decay,45,0.03633146598690846,0.09609195590019226
b004_0283,loco_decay,45,0.020444978456028173,0.06338176131248474
b004_0287,loco_decay,45,0.009959236764516986,0.018429696559906006
b004_0288,loco_decay,45,0.01647904612978951,0.05473253130912781
b004_0294,loco_decay,45,0.010595331060104683,0.012618571519851685
b004_0304,loco_decay,45,0.03209908575308128,0.09944042563438416
b004_0314,loco_decay,45,0.011280694213069853,0.01881927251815796
b004_0321,loco_decay,45,0.015279123040496325,0.0467190146446228
b004_0322,loco_decay,45,0.019375142015394618,0.06070241332054138
b004_0325,loco_decay,45,0.014201330845473243,0.03474047780036926
b004_0326,loco_decay,45,0.009587281673658089,0.02047768235206604
b004_0346,loco_decay,45,0.011037522285688118,0.016160666942596436
b004_0347,loco_decay,45,0.017281858647455933,0.054820090532302856
b004_0349,loco_decay,45,0.01474951122139321,0.03126692771911621
b004_0358,loco_decay,45,0.012743129593427063,0.027688980102539062
b004_0362,loco_decay,45,0.014575766368967588,0.06224393844604492
b004_0366,loco_decay,45,0.026721328985495646,0.08065325021743774
b004_0371,loco_decay,45,0.013492451950174863,0.03395244479179382
b004_0373,loco_decay,45,0.020949960732069173,0.065039724111557
b004_0381,loco_decay,45,0.00892697983100766,0.017718195915222168
b004_0390,loco_decay,45,0.0105003723111309,0.020986318588256836
b004_0397,loco_decay,45,0.037276689146385815,0.1063351035118103
b005_0399,loco_decay,45,0.011739675627380122,0.0307275652885437
b005_0400,loco_decay,45,0.017258015323857793,0.026858091354370117
b005_0401,loco_decay,45,0.014295705639925159,0.02932107448577881
b005_0402,loco_decay,45,0.013942467751073056,0.03184288740158081
b005_0404,loco_decay,45,0.03525680205861076,0.08720660209655762
b005_0405,loco_decay,45,0.015246436366292297,0.03459274768829346
b005_0406,loco_decay,45,0.012377757029455216,0.04689145088195801
b005_0408,loco_decay,45,0.015263945352835734,0.02849256992340088
b005_0409,loco_decay,45,0.016276369451499375,0.018168270587921143
b005_0410,loco_decay,45,0.01364106330715242,0.02333831787109375
b005_0411,loco_decay,45,0.017020207570224512,0.034892916679382324
b005_0412,loco_decay,45,0.012237160420808637,0.028736412525177002
b005_0413,loco_decay,45,0.0194590223617241,0.02099752426147461
b005_0414,loco_decay,45,0.013195844947314654,0.022034049034118652
b005_0415,loco_decay,45,0.01108909532672069,0.020825862884521484
b005_0416,loco_decay,45,0.02007719385819357,0.026016056537628174
b005_0417,loco_decay,45,0.016298274036313665,0.04546928405761719
b005_0418,loco_decay,45,0.014155559608193695,0.022744029760360718
b005_0419,loco_decay,45,0.01623368263244629,0.023335635662078857
b005_0420,loco_decay,45,0.021463444853415253,0.017961040139198303
b005_0421,loco_decay,45,0.019069239741466085,0.04297745227813721
b005_0422,loco_decay,45,0.016424005637403396,0.024510711431503296
b005_0423,loco_decay,45,0.020100884261678477,0.03011953830718994
b005_0424,loco_decay,45,0.01780870605687626,0.016367018222808838
b005_0425,loco_decay,45,0.024002421586239924,0.0671086311340332
b005_0426,loco_decay,45,0.009993981386794418,0.0303725004196167
b005_0427,loco_decay,45,0.019750109461487315,0.009762167930603027
b005_0428,loco_decay,45,0.012326700887719139,0.02390587329864502
b005_0429,loco_decay,45,0.01898523554450176,0.022119760513305664
b005_0430,loco_decay,45,0.014396464238401319,0.01621308922767639
b005_0431,loco_decay,45,0.02473677694797516,0.04510498046875
b005_0433,loco_decay,45,0.00787761025741452,0.0221596360206604
b005_0434,loco_decay,45,0.017304026567545094,0.016802936792373657
b005_0435,loco_decay,45,0.006814033525889037,0.017226994037628174
b005_0437,loco_decay,45,0.009890598718260155,0.02853548526763916
b005_0438,loco_decay,45,0.01627942431168478,0.054441362619400024
b005_0440,loco_decay,45,0.00997393395079941,0.03266322612762451
b005_0441,loco_decay,45,0.016009782181411494,0.05521368980407715
b005_0442,loco_decay,45,0.012829992492667964,0.028035402297973633
b005_0443,loco_decay,45,0.02036154709878515,0.03914046287536621
b005_0444,loco_decay,45,0.018075814134761937,0.04366934299468994
b005_0445,loco_decay,45,0.017133406684046885,0.0316849946975708
b005_0446,loco_decay,45,0.017952136328962982,0.026882648468017578
b005_0447,loco_decay,45,0.07197619803616258,0.14701202511787415
b005_0449,loco_decay,45,0.010219849035388133,0.029071807861328125
b005_0450,loco_decay,45,0.011309282212960915,0.03185799717903137
b005_0451,loco_decay,45,0.01102796636643957,0.03655841946601868
b005_0452,loco_decay,45,0.017238643692165125,0.027734577655792236
b005_0453,loco_decay,45,0.01857412972899734,0.02503490447998047
b005_0454,loco_decay,45,0.018353647873049876,0.05667230486869812
b005_0455,loco_decay,45,0.008964477015323326,0.02572453022003174
b005_0456,loco_decay,45,0.007961363577451861,0.01724720001220703
b005_0457,loco_decay,45,0.018470215015724056,0.03731772303581238
b005_0458,loco_decay,45,0.02252113745837915,0.0172044038772583
b005_0459,loco_decay,45,0.011112701697427719,0.02126830816268921
b005_0460,loco_decay,45,0.015115172159476359,0.026641160249710083
b005_0461,loco_decay,45,0.018069900328018626,0.042853474617004395
b005_0462,loco_decay,45,0.01725464424148935,0.027102410793304443
b005_0463,loco_decay,45,0.010802911441834246,0.02705693244934082
b005_0465,loco_decay,45,0.023168300141076573,0.02114182710647583
b005_0466,loco_decay,45,0.015351475262251056,0.022757649421691895
b005_0467,loco_decay,45,0.017997873611137517,0.024235844612121582
b005_0468,loco_decay,45,0.023309030493751902,0.026090562343597412
b005_0469,loco_decay,45,0.023381055012101033,0.028390705585479736
b005_0470,loco_decay,45,0.01620248399797033,0.042660295963287354
b005_0471,loco_decay,45,0.006955584053133354,0.021803557872772217
b005_0474,loco_decay,45,0.010191349221057579,0.017603158950805664
b004_0121,loco_decay,46,0.01486220271860967,0.03773576021194458
b004_0126,loco_decay,46,0.010711453366475027,0.04009652137756348
b004_0148,loco_decay,46,0.008779762343305056,0.026666224002838135
b004_0156,loco_decay,46,0.014154646728859573,0.050711363554000854
b004_0177,loco_decay,46,0.009383597945580717,0.021998330950737
b004_0179,loco_decay,46,0.01799702253498015,0.051678210496902466
b004_0180,loco_decay,46,0.009394932477200617,0.021580249071121216
b004_0182,loco_decay,46,0.01822931453829906,0.07067248225212097
b004_0183,loco_decay,46,0.008941437988007655,0.003992438316345215
b004_0186,loco_decay,46,0.007471217239489321,0.041065871715545654
b004_0191,loco_decay,46,0.009382115280041929,0.023772060871124268
b004_0210,loco_decay,46,0.01039620513310198,0.023097723722457886
b004_0213,loco_decay,46,0.011300081478767708,0.014469295740127563
b004_0215,loco_decay,46,0.010634025345083143,0.0239865779876709
b004_0217,loco_decay,46,0.01633975691482669,0.06589105725288391
b004_0218,loco_decay,46,0.021712076468545883,0.07685443758964539
b004_0219,loco_decay,46,0.00983272126463593,0.022257447242736816
b004_0220,loco_decay,46,0.012986903796430494,0.03200766444206238
b004_0224,loco_decay,46,0.014335857063043312,0.03965064883232117
b004_0227,loco_decay,46,0.011765845974937815,0.026460886001586914
b004_0241,loco_decay,46,0.009776062896994293,0.02115914225578308
b004_0242,loco_decay,46,0.025252377400632766,0.08217963576316833
b004_0268,loco_decay,46,0.015927433967590332,0.059685736894607544
b004_0272,loco_decay,46,0.010841265442918559,0.02364259958267212
b004_0279,loco_decay,46,0.02697908634045085,0.08383336663246155
b004_0283,loco_decay,46,0.0165734911551241,0.05589860677719116
b004_0287,loco_decay,46,0.007803606938143246,0.01865941286087036
b004_0288,loco_decay,46,0.0164730363204831,0.05326896905899048
b004_0294,loco_decay,46,0.0064162651046377715,0.016939759254455566
b004_0304,loco_decay,46,0.03169283954823603,0.10711345076560974
b004_0314,loco_decay,46,0.009345477477448886,0.014417394995689392
b004_0321,loco_decay,46,0.019090058862185868,0.07261905074119568
b004_0322,loco_decay,46,0.015733948985084158,0.059289634227752686
b004_0325,loco_decay,46,0.01371310858941469,0.03514963388442993
b004_0326,loco_decay,46,0.0068672835582592445,0.018006056547164917
b004_0346,loco_decay,46,0.008943148812309641,0.012077271938323975
b004_0347,loco_decay,46,0.01771222128242743,0.06431874632835388
b004_0349,loco_decay,46,0.010775097203059275,0.02331298589706421
b004_0358,loco_decay,46,0.017791926372246664,0.055641353130340576
b004_0362,loco_decay,46,0.012240389942145739,0.05812668800354004
b004_0366,loco_decay,46,0.018374237369318477,0.0569862425327301
b004_0371,loco_decay,46,0.01118864253407619,0.030877113342285156
b004_0373,loco_decay,46,0.021302404950876704,0.07257941365242004
b004_0381,loco_decay,46,0.010425481639924596,0.02788621187210083
b004_0390,loco_decay,46,0.00795048719546834,0.02029573917388916
b004_0397,loco_decay,46,0.04465492729280816,0.12948834896087646
b005_0399,loco_decay,46,0.014545687153691152,0.03891044855117798
b005_0400,loco_decay,46,0.010548067752455101,0.02654242515563965
b005_0401,loco_decay,46,0.00898658447578305,0.029081761837005615
b005_0402,loco_decay,46,0.011651426798007528,0.030509233474731445
b005_0404,loco_decay,46,0.01831057423450908,0.04590177536010742
b005_0405,loco_decay,46,0.01865500272786031,0.03473585844039917
b005_0406,loco_decay,46,0.021656937775064687,0.033996522426605225
b005_0408,loco_decay,46,0.011432269557577665,0.027603626251220703
b005_0409,loco_decay,46,0.008470882646373062,0.01758098602294922
b005_0410,loco_decay,46,0.00888761816943278,0.02333015203475952
b005_0411,loco_decay,46,0.015071596278518926,0.021112680435180664
b005_0412,loco_decay,46,0.02338771595329535,0.028337955474853516
b005_0413,loco_decay,46,0.018347734188447234,0.013547159731388092
b005_0414,loco_decay,46,0.018824749305600026,0.021962344646453857
b005_0415,loco_decay,46,0.03680497872047737,0.005572974681854248
b005_0416,loco_decay,46,0.031506625843829794,0.026121973991394043
b005_0417,loco_decay,46,0.011456313680429927,0.028296589851379395
b005_0418,loco_decay,46,0.007595195144903464,0.026321113109588623
b005_0419,loco_decay,46,0.031064991579681147,0.021757006645202637
b005_0420,loco_decay,46,0.016726600342109554,0.014673411846160889
b005_0421,loco_decay,46,0.018195148374213547,0.04043078422546387
b005_0422,loco_decay,46,0.011282381952786054,0.02271619439125061
b005_0423,loco_decay,46,0.02161934922953121,0.030078887939453125
b005_0424,loco_decay,46,0.019659581731577388,0.015678346157073975
b005_0425,loco_decay,46,0.02178619435576142,0.0747317373752594
b005_0426,loco_decay,46,0.015619694453770996,0.02241384983062744
b005_0427,loco_decay,46,0.029872658311343583,0.005829930305480957
b005_0428,loco_decay,46,0.0139081387734804,0.022011160850524902
b005_0429,loco_decay,46,0.01575998131368981,0.021816730499267578
b005_0430,loco_decay,46,0.017685289998523524,0.017400264739990234
b005_0431,loco_decay,46,0.01681694534958386,0.03684753179550171
b005_0433,loco_decay,46,0.010903875847331813,0.022647321224212646
b005_0434,loco_decay,46,0.01232240471195002,0.029296159744262695
b005_0435,loco_decay,46,0.006762844861530867,0.012870490550994873
b005_0437,loco_decay,46,0.007880282573035507,0.02852696180343628
b005_0438,loco_decay,46,0.014459298770935809,0.06905722618103027
b005_0440,loco_decay,46,0.028809454108847946,0.026063859462738037
b005_0441,loco_decay,46,0.011350327827891365,0.03446969389915466
b005_0442,loco_decay,46,0.007805647053679482,0.029422283172607422
b005_0443,loco_decay,46,0.009976092787062536,0.02642953395843506
b005_0444,loco_decay,46,0.013015339609052315,0.02585965394973755
b005_0445,loco_decay,46,0.016015292679677245,0.031437575817108154
b005_0446,loco_decay,46,0.019979198814415542,0.02631819248199463
b005_0447,loco_decay,46,0.05367132239654416,0.11140993237495422
b005_0449,loco_decay,46,0.009402502511368423,0.028765559196472168
b005_0450,loco_decay,46,0.011310033133772553,0.028520286083221436
b005_0451,loco_decay,46,0.010085086842052272,0.033811599016189575
b005_0452,loco_decay,46,0.013894960528514425,0.022159814834594727
b005_0453,loco_decay,46,0.012740150949016947,0.02395188808441162
b005_0454,loco_decay,46,0.010648243739956716,0.027658075094223022
b005_0455,loco_decay,46,0.028647853214232646,0.02521991729736328
b005_0456,loco_decay,46,0.01252196265048668,0.018189698457717896
b005_0457,loco_decay,46,0.016638023442909367,0.03263980150222778
b005_0458,loco_decay,46,0.022551327210957886,0.014244556427001953
b005_0459,loco_decay,46,0.02961466302637194,0.021367907524108887
b005_0460,loco_decay,46,0.013533483274647446,0.02559065818786621
b005_0461,loco_decay,46,0.01502918256599395,0.03882741928100586
b005_0462,loco_decay,46,0.016706419039945134,0.026949167251586914
b005_0463,loco_decay,46,0.019554196322550538,0.021838068962097168
b005_0465,loco_decay,46,0.01867222346243311,0.02056872844696045
b005_0466,loco_decay,46,0.013530489729076136,0.022536396980285645
b005_0467,loco_decay,46,0.016807220998357554,0.026375889778137207
b005_0468,loco_decay,46,0.031388032143233255,0.025583863258361816
b005_0469,loco_decay,46,0.01794278890383048,0.03230786323547363
b005_0470,loco_decay,46,0.01773699336364621,0.04550039768218994
b005_0471,loco_decay,46,0.012382262310043711,0.011194735765457153
b005_0474,loco_decay,46,0.016603764940480718,0.011089563369750977
b004_0103,loco_perturbed_iso,42,0.008631928900226217,0.023073941469192505
b004_0104,loco_perturbed_iso,42,0.007682870279570095,0.02506236732006073
b004_0108,loco_perturbed_iso,42,0.010904395006230621,0.027527809143066406
b004_0109,loco_perturbed_iso,42,0.011089626577545385,0.030780822038650513
b004_0112,loco_perturbed_iso,42,0.010882274049227356,0.04199427366256714
b004_0113,loco_perturbed_iso,42,0.008557918557866674,0.025747299194335938
b004_0117,loco_perturbed_iso,42,0.007820964225980102,0.04227805137634277
b004_0124,loco_perturbed_iso,42,0.007289417026961436,0.03355133533477783
b004_0125,loco_perturbed_iso,42,0.006417553200096381,0.021557271480560303
b004_0128,loco_perturbed_iso,42,0.0101526817459552,0.0361480712890625
b004_0131,loco_perturbed_iso,42,0.008300658865053146,0.02565586566925049
b004_0132,loco_perturbed_iso,42,0.009209935599174655,0.02543392777442932
b004_0139,loco_perturbed_iso,42,0.009248187124240593,0.04082542657852173
b004_0145,loco_perturbed_iso,42,0.008049067048752894,0.024139821529388428
b004_0149,loco_perturbed_iso,42,0.007810579948737973,0.028306156396865845
b004_0151,loco_perturbed_iso,42,0.007174126193171642,0.03220963478088379
b004_0153,loco_perturbed_iso,42,0.008023850741933604,0.03737875819206238
b004_0172,loco_perturbed_iso,42,0.009502570404381048,0.056345969438552856
b004_0185,loco_perturbed_iso,42,0.012649782368394195,0.044117748737335205
b004_0221,loco_perturbed_iso,42,0.006942475184065397,0.02972501516342163
b004_0225,loco_perturbed_iso,42,0.007243863749699515,0.0229034423828125
b004_0234,loco_perturbed_iso,42,0.00839016397224098,0.018682897090911865
b004_0235,loco_perturbed_iso,42,0.008577211530970746,0.033558011054992676
b004_0236,loco_perturbed_iso,42,0.007811546814246255,0.021632671356201172
b004_0240,loco_perturbed_iso,42,0.005714198666029289,0.013283923268318176
b004_0246,loco_perturbed_iso,42,0.007558613038453899,0.026441097259521484
b004_0249,loco_perturbed_iso,42,0.009201074232820605,0.02831178903579712
b004_0261,loco_perturbed_iso,42,0.005689142607763166,0.02539604902267456
b004_0263,loco_perturbed_iso,42,0.010157354664607127,0.023476161062717438
b004_0264,loco_perturbed_iso,42,0.005772307698355347,0.021220684051513672
b004_0266,loco_perturbed_iso,42,0.020036468862510117,0.034505367279052734
b004_0274,loco_perturbed_iso,42,0.007459798919372871,0.02862820029258728
b004_0282,loco_perturbed_iso,42,0.010126375944399442,0.04246312379837036
b004_0296,loco_perturbed_iso,42,0.008151794249405627,0.02853032946586609
b004_0300,loco_perturbed_iso,42,0.006751235696624537,0.021677851676940918
b004_0309,loco_perturbed_iso,42,0.007954705689774185,0.0309600830078125
b004_0311,loco_perturbed_iso,42,0.008417708646567141,0.027740478515625
b004_0317,loco_perturbed_iso,42,0.00996866712316138,0.023006975650787354
b004_0319,loco_perturbed_iso,42,0.008856080777820994,0.013359308242797852
b004_0320,loco_perturbed_iso,42,0.009003007448598986,0.03248035907745361
b004_0327,loco_perturbed_iso,42,0.007960061435816719,0.032229095697402954
b004_0332,loco_perturbed_iso,42,0.00849129296228534,0.028722375631332397
b004_0339,loco_perturbed_iso,42,0.007101184886987092,0.033747464418411255
b004_0345,loco_perturbed_iso,42,0.007244739070778988,0.02194291353225708
b004_0348,loco_perturbed_iso,42,0.013110485782877344,0.03811591863632202
b004_0368,loco_perturbed_iso,42,0.014860440106665502,0.03580033779144287
b004_0369,loco_perturbed_iso,42,0.008007078080392275,0.02570444345474243
b004_0377,loco_perturbed_iso,42,0.008419872795949216,0.04477173089981079
b004_0386,loco_perturbed_iso,42,0.0060794635019341455,0.03806561231613159
b004_0393,loco_perturbed_iso,42,0.010639665434595014,0.03495793044567108
b005_0475,loco_perturbed_iso,42,0.006770129758315009,0.06094473600387573
b005_0476,loco_perturbed_iso,42,0.007445102038442112,0.02864450216293335
b005_0477,loco_perturbed_iso,42,0.01165706933033271,0.05739039182662964
b005_0478,loco_perturbed_iso,42,0.011690091769226262,0.028679311275482178
b005_0479,loco_perturbed_iso,42,0.004636139410441039,0.01560443639755249
b005_0480,loco_perturbed_iso,42,0.008434674778922659,0.029354870319366455
b005_0481,loco_perturbed_iso,42,0.00997227851728924,0.05699348449707031
b005_0482,loco_perturbed_iso,42,0.006905672613714562,0.028161197900772095
b005_0485,loco_perturbed_iso,42,0.00753251420425587,0.022966623306274414
b005_0487,loco_perturbed_iso,42,0.004953309405045432,0.011283397674560547
b005_0489,loco_perturbed_iso,42,0.005171439442478242,0.05452758073806763
b005_0490,loco_perturbed_iso,42,0.016774667518549276,0.047380685806274414
b005_0492,loco_perturbed_iso,42,0.008121562541508283,0.06640350818634033
b005_0493,loco_perturbed_iso,42,0.007288916799865785,0.0227191299200058
b005_0495,loco_perturbed_iso,42,0.006704679949850333,0.013224363327026367
b005_0496,loco_perturbed_iso,42,0.008841832397414035,0.07257568836212158
b005_0498,loco_perturbed_iso,42,0.01304627435862041,0.05177342891693115
b005_0500,loco_perturbed_iso,42,0.011578653923800735,0.03972214460372925
b005_0501,loco_perturbed_iso,42,0.006411138799835424,0.022146761417388916
b005_0503,loco_perturbed_iso,42,0.010674567068697976,0.058361709117889404
b005_0504,loco_perturbed_iso,42,0.007671049017398084,0.0452844500541687
b005_0505,loco_perturbed_iso,42,0.005981863949631081,0.045246124267578125
b005_0506,loco_perturbed_iso,42,0.007501815980086561,0.027257174253463745
b005_0507,loco_perturbed_iso,42,0.007536317237087938,0.02786991000175476
b005_0508,loco_perturbed_iso,42,0.015602562515462031,0.07534158229827881
b005_0509,loco_perturbed_iso,42,0.00831097651456223,0.04469519853591919
b005_0511,loco_perturbed_iso,42,0.00679785532296681,0.028403937816619873
b005_0513,loco_perturbed_iso,42,0.005564122109628114,0.058546483516693115
b005_0514,loco_perturbed_iso,42,0.007950731843221382,0.03183019161224365
b005_0515,loco_perturbed_iso,42,0.007764104204099687,0.05981600284576416
b005_0516,loco_perturbed_iso,42,0.012985039868804275,0.04169493913650513
b005_0517,loco_perturbed_iso,42,0.006919569534356477,0.06861549615859985
b005_0518,loco_perturbed_iso,42,0.010053836481004465,0.0687333345413208
b005_0519,loco_perturbed_iso,42,0.010796861997881874,0.04135948419570923
b005_0521,loco_perturbed_iso,42,0.010676762547160759,0.05969053506851196
b005_0522,loco_perturbed_iso,42,0.01191205513037619,0.050044357776641846
b005_0523,loco_perturbed_iso,42,0.008395682348579656,0.028152823448181152
b005_0524,loco_perturbed_iso,42,0.009583038384797142,0.05998307466506958
b005_0525,loco_perturbed_iso,42,0.007303223991003193,0.01870173215866089
b005_0526,loco_perturbed_iso,42,0.010096728374234965,0.05724519491195679
b005_0528,loco_perturbed_iso,42,0.008362894419763909,0.06041514873504639
b005_0529,loco_perturbed_iso,42,0.00989430855776443,0.07194113731384277
b005_0531,loco_perturbed_iso,42,0.008952462404477791,0.06683415174484253
b005_0532,loco_perturbed_iso,42,0.006708291221837528,0.025747060775756836
b005_0534,loco_perturbed_iso,42,0.011821704015868609,0.05282247066497803
b005_0535,loco_perturbed_iso,42,0.005904320261028946,0.028965413570404053
b005_0536,loco_perturbed_iso,42,0.009950333259633331,0.04239511489868164
b005_0537,loco_perturbed_iso,42,0.007980489156773834,0.07555341720581055
b005_0538,loco_perturbed_iso,42,0.008309893859703033,0.026664435863494873
b005_0539,loco_perturbed_iso,42,0.00736702349586565,0.026483342051506042
b005_0540,loco_perturbed_iso,42,0.008758580648019666,0.06940501928329468
b005_0541,loco_perturbed_iso,42,0.006562782420975263,0.045165300369262695
b005_0542,loco_perturbed_iso,42,0.009760236642399773,0.01579490303993225
b005_0543,loco_perturbed_iso,42,0.011372790961969094,0.07771551609039307
b005_0544,loco_perturbed_iso,42,0.006964386181264627,0.04731863737106323
b005_0545,loco_perturbed_iso,42,0.006534501055224997,0.05581247806549072
b005_0547,loco_perturbed_iso,42,0.009291801540577998,0.03949791193008423
b005_0548,loco_perturbed_iso,42,0.01500567897665696,0.049178361892700195
b005_0549,loco_perturbed_iso,42,0.015051515375981565,0.0509527325630188
b005_0550,loco_perturbed_iso,42,0.008697442038625967,0.054678142070770264
b005_0551,loco_perturbed_iso,42,0.01325281776609968,0.05411100387573242
b004_0103,loco_perturbed_iso,43,0.008402288448615153,0.02619391679763794
b004_0104,loco_perturbed_iso,43,0.009980643870400601,0.02994072437286377
b004_0108,loco_perturbed_iso,43,0.010015263420636536,0.03303253650665283
b004_0109,loco_perturbed_iso,43,0.010392871792199181,0.03671494126319885
b004_0112,loco_perturbed_iso,43,0.006381981319091359,0.04909640550613403
b004_0113,loco_perturbed_iso,43,0.005627673607869226,0.022618651390075684
b004_0117,loco_perturbed_iso,43,0.008217187506742165,0.03849077224731445
b004_0124,loco_perturbed_iso,43,0.008398551554953466,0.023780405521392822
b004_0125,loco_perturbed_iso,43,0.007813824310165937,0.013883352279663086
b004_0128,loco_perturbed_iso,43,0.010342635275399099,0.029525786638259888
b004_0131,loco_perturbed_iso,43,0.009799671588373965,0.028273165225982666
b004_0132,loco_perturbed_iso,43,0.008524460992852196,0.026801183819770813
b004_0139,loco_perturbed_iso,43,0.007688454001164827,0.03698974847793579
b004_0145,loco_perturbed_iso,43,0.008099425950499832,0.02680954337120056
b004_0149,loco_perturbed_iso,43,0.007156576289505255,0.02264651656150818
b004_0151,loco_perturbed_iso,43,0.009166195011529767,0.035735130310058594
b004_0153,loco_perturbed_iso,43,0.007985230779550115,0.032713860273361206
b004_0172,loco_perturbed_iso,43,0.008956629172211787,0.06390812993049622
b004_0185,loco_perturbed_iso,43,0.012715264116642906,0.04814380407333374
b004_0221,loco_perturbed_iso,43,0.005813807310139547,0.024752914905548096
b004_0225,loco_perturbed_iso,43,0.0072077528008672054,0.02437645196914673
b004_0234,loco_perturbed_iso,43,0.0058498159661644795,0.01999679207801819
b004_0235,loco_perturbed_iso,43,0.007804217336119198,0.042645156383514404
b004_0236,loco_perturbed_iso,43,0.007567606316726716,0.023962318897247314
b004_0240,loco_perturbed_iso,43,0.00993660385491418,0.024410918354988098
b004_0246,loco_perturbed_iso,43,0.007701830663641945,0.03172844648361206
b004_0249,loco_perturbed_iso,43,0.007693814632833981,0.0223081111907959
b004_0261,loco_perturbed_iso,43,0.005698353418561279,0.02107638120651245
b004_0263,loco_perturbed_iso,43,0.008788956481902326,0.02214226871728897
b004_0264,loco_perturbed_iso,43,0.005222057465647087,0.012125879526138306
b004_0266,loco_perturbed_iso,43,0.02020383821647675,0.04699134826660156
b004_0274,loco_perturbed_iso,43,0.009479880943650106,0.03137838840484619
b004_0282,loco_perturbed_iso,43,0.00634492323046825,0.025653839111328125
b004_0296,loco_perturbed_iso,43,0.007886373728025154,0.02363377809524536
b004_0300,loco_perturbed_iso,43,0.006638885399357217,0.020449280738830566
b004_0309,loco_perturbed_iso,43,0.0063282428461997236,0.02502584457397461
b004_0311,loco_perturbed_iso,43,0.009321472378539258,0.03680741786956787
b004_0317,loco_perturbed_iso,43,0.01160817055917177,0.03252434730529785
b004_0319,loco_perturbed_iso,43,0.007826904292966499,0.011277765035629272
b004_0320,loco_perturbed_iso,43,0.006895720775498718,0.022633790969848633
b004_0327,loco_perturbed_iso,43,0.009456205685607722,0.0315585732460022
b004_0332,loco_perturbed_iso,43,0.008503728347723602,0.026575177907943726
b004_0339,loco_perturbed_iso,43,0.00691470418308602,0.037810444831848145
b004_0345,loco_perturbed_iso,43,0.006155388460296099,0.03109753131866455
b004_0348,loco_perturbed_iso,43,0.010610424470706065,0.03440415859222412
b004_0368,loco_perturbed_iso,43,0.006722206707860603,0.025064289569854736
b004_0369,loco_perturbed_iso,43,0.007393337602986664,0.022435516119003296
b004_0377,loco_perturbed_iso,43,0.008550528803321182,0.04419022798538208
b004_0386,loco_perturbed_iso,43,0.004927493570769419,0.025523126125335693
b004_0393,loco_perturbed_iso,43,0.01425599856454818,0.03789198398590088
b005_0475,loco_perturbed_iso,43,0.008259835729344946,0.06457012891769409
b005_0476,loco_perturbed_iso,43,0.007393615656211728,0.02844831347465515
b005_0477,loco_perturbed_iso,43,0.007488721218265471,0.05885714292526245
b005_0478,loco_perturbed_iso,43,0.008381942134411608,0.026176035404205322
b005_0479,loco_perturbed_iso,43,0.005026426532718002,0.017442286014556885
b005_0480,loco_perturbed_iso,43,0.008095610703601212,0.04087471961975098
b005_0481,loco_perturbed_iso,43,0.009206048289283376,0.05762052536010742
b005_0482,loco_perturbed_iso,43,0.008336193737436513,0.029258012771606445
b005_0485,loco_perturbed_iso,43,0.008111226631969701,0.0238724946975708
b005_0487,loco_perturbed_iso,43,0.005774109028890485,0.012059986591339111
b005_0489,loco_perturbed_iso,43,0.007175823520930087,0.05662417411804199
b005_0490,loco_perturbed_iso,43,0.014816305004670972,0.04946577548980713
b005_0492,loco_perturbed_iso,43,0.010317156182937935,0.06915223598480225
b005_0493,loco_perturbed_iso,43,0.006853593666045392,0.018917769193649292
b005_0495,loco_perturbed_iso,43,0.008385820344823306,0.014274775981903076
b005_0496,loco_perturbed_iso,43,0.01314943515863575,0.0779157280921936
b005_0498,loco_perturbed_iso,43,0.011941862826953168,0.05349421501159668
b005_0500,loco_perturbed_iso,43,0.010839107217358762,0.03493767976760864
b005_0501,loco_perturbed_iso,43,0.006124580859160814,0.013190537691116333
b005_0503,loco_perturbed_iso,43,0.007234892884238822,0.05958521366119385
b005_0504,loco_perturbed_iso,43,0.006417440830684099,0.0476146936416626
b005_0505,loco_perturbed_iso,43,0.006944722572311026,0.04671138525009155
b005_0506,loco_perturbed_iso,43,0.008689863698892906,0.033414050936698914
b005_0507,loco_perturbed_iso,43,0.00782175539214103,0.023195236921310425
b005_0508,loco_perturbed_iso,43,0.017166550652902634,0.07779234647750854
b005_0509,loco_perturbed_iso,43,0.006979001289019819,0.045645713806152344
b005_0511,loco_perturbed_iso,43,0.008861336063166133,0.03315770626068115
b005_0513,loco_perturbed_iso,43,0.005523322974560691,0.06058114767074585
b005_0514,loco_perturbed_iso,43,0.007173737297292615,0.03269088268280029
b005_0515,loco_perturbed_iso,43,0.007557428518279654,0.06293368339538574
b005_0516,loco_perturbed_iso,43,0.012099513081742114,0.030820250511169434
b005_0517,loco_perturbed_iso,43,0.008325146297450925,0.0713927149772644
b005_0518,loco_perturbed_iso,43,0.008942921813882765,0.07079333066940308
b005_0519,loco_perturbed_iso,43,0.011067291813307121,0.033534348011016846
b005_0521,loco_perturbed_iso,43,0.009549580636571665,0.06155288219451904
b005_0522,loco_perturbed_iso,43,0.009296766680772187,0.05227082967758179
b005_0523,loco_perturbed_iso,43,0.008011361492461845,0.032507121562957764
b005_0524,loco_perturbed_iso,43,0.009131002316220861,0.0605887770652771
b005_0525,loco_perturbed_iso,43,0.0067356504866334255,0.030025482177734375
b005_0526,loco_perturbed_iso,43,0.01054168883405748,0.05755889415740967
b005_0528,loco_perturbed_iso,43,0.007560170515150321,0.06254392862319946
b005_0529,loco_perturbed_iso,43,0.008568791275630231,0.07491213083267212
b005_0531,loco_perturbed_iso,43,0.009257423706719132,0.06830352544784546
b005_0532,loco_perturbed_iso,43,0.009177710799897303,0.03163862228393555
b005_0534,loco_perturbed_iso,43,0.01186262559695322,0.05390900373458862
b005_0535,loco_perturbed_iso,43,0.005846583818803068,0.026170313358306885
b005_0536,loco_perturbed_iso,43,0.009183225878438011,0.03038078546524048
b005_0537,loco_perturbed_iso,43,0.007211954317620543,0.07677829265594482
b005_0538,loco_perturbed_iso,43,0.007101641448794819,0.01823192834854126
b005_0539,loco_perturbed_iso,43,0.006873727577631591,0.026073023676872253
b005_0540,loco_perturbed_iso,43,0.007254904777300162,0.0706513524055481
b005_0541,loco_perturbed_iso,43,0.00571605422701992,0.045714616775512695
b005_0542,loco_perturbed_iso,43,0.008612478548874621,0.014341682195663452
b005_0543,loco_perturbed_iso,43,0.01053342901048113,0.0794675350189209
b005_0544,loco_perturbed_iso,43,0.0067258427744028996,0.04732125997543335
b005_0545,loco_perturbed_iso,43,0.006243587883769489,0.05822789669036865
b005_0547,loco_perturbed_iso,43,0.007744207123263938,0.03120538592338562
b005_0548,loco_perturbed_iso,43,0.015306789305855016,0.05184453725814819
b005_0549,loco_perturbed_iso,43,0.011026077522117584,0.05247604846954346
b005_0550,loco_perturbed_iso,43,0.010141210722141579,0.055705904960632324
b005_0551,loco_perturbed_iso,43,0.011857258491828794,0.05645191669464111
b004_0103,loco_perturbed_iso,44,0.00752094351365918,0.027337610721588135
b004_0104,loco_perturbed_iso,44,0.0048147561486627235,0.016896456480026245
b004_0108,loco_perturbed_iso,44,0.008875897978661491,0.02606511116027832
b004_0109,loco_perturbed_iso,44,0.010413065858063151,0.029601603746414185
b004_0112,loco_perturbed_iso,44,0.006543931352799056,0.03931492567062378
b004_0113,loco_perturbed_iso,44,0.005237619591052415,0.011680841445922852
b004_0117,loco_perturbed_iso,44,0.00832221302829805,0.03567612171173096
b004_0124,loco_perturbed_iso,44,0.008092228078939875,0.036858975887298584
b004_0125,loco_perturbed_iso,44,0.007398389463053375,0.013459920883178711
b004_0128,loco_perturbed_iso,44,0.009756409731067594,0.028727054595947266
b004_0131,loco_perturbed_iso,44,0.009614768453308793,0.03152948617935181
b004_0132,loco_perturbed_iso,44,0.010324284006826213,0.02687080204486847
b004_0139,loco_perturbed_iso,44,0.008851751563001851,0.03824925422668457
b004_0145,loco_perturbed_iso,44,0.00848880367445164,0.029112130403518677
b004_0149,loco_perturbed_iso,44,0.00723657060842045,0.022387415170669556
b004_0151,loco_perturbed_iso,44,0.010330957894931074,0.0381435751914978
b004_0153,loco_perturbed_iso,44,0.00793451925770181,0.030703216791152954
b004_0172,loco_perturbed_iso,44,0.01059109693179365,0.05725643038749695
b004_0185,loco_perturbed_iso,44,0.011599090255674769,0.038905441761016846
b004_0221,loco_perturbed_iso,44,0.006534800666277526,0.020001471042633057
b004_0225,loco_perturbed_iso,44,0.006469852306315156,0.021826714277267456
b004_0234,loco_perturbed_iso,44,0.010736736239957028,0.01238471269607544
b004_0235,loco_perturbed_iso,44,0.007879489574764595,0.039590299129486084
b004_0236,loco_perturbed_iso,44,0.006934284736387065,0.013697981834411621
b004_0240,loco_perturbed_iso,44,0.006678041803543685,0.025435686111450195
b004_0246,loco_perturbed_iso,44,0.006485663415467153,0.02274271845817566
b004_0249,loco_perturbed_iso,44,0.007283462608446841,0.022031426429748535
b004_0261,loco_perturbed_iso,44,0.006070948282226187,0.023330628871917725
b004_0263,loco_perturbed_iso,44,0.009788269329755033,0.022677697241306305
b004_0264,loco_perturbed_iso,44,0.006097062811499737,0.019736826419830322
b004_0266,loco_perturbed_iso,44,0.020299322109241954,0.03869795799255371
b004_0274,loco_perturbed_iso,44,0.00817695687540242,0.02872028946876526
b004_0282,loco_perturbed_iso,44,0.012080255346220047,0.036491334438323975
b004_0296,loco_perturbed_iso,44,0.008715407037344134,0.0250338613986969
b004_0300,loco_perturbed_iso,44,0.00656237679182506,0.02202397584915161
b004_0309,loco_perturbed_iso,44,0.006915156286759454,0.027336448431015015
b004_0311,loco_perturbed_iso,44,0.005662710879181252,0.019122779369354248
b004_0317,loco_perturbed_iso,44,0.017199279099214274,0.024407684803009033
b004_0319,loco_perturbed_iso,44,0.008141821158713982,0.009589523077011108
b004_0320,loco_perturbed_iso,44,0.006693821888966638,0.020255446434020996
b004_0327,loco_perturbed_iso,44,0.006167344993255178,0.02677956223487854
b004_0332,loco_perturbed_iso,44,0.008057611276868914,0.02557891607284546
b004_0339,loco_perturbed_iso,44,0.007961017980438764,0.02997446060180664
b004_0345,loco_perturbed_iso,44,0.011358876758423007,0.020459890365600586
b004_0348,loco_perturbed_iso,44,0.009060061307715589,0.034029483795166016
b004_0368,loco_perturbed_iso,44,0.011048496258063395,0.030423730611801147
b004_0369,loco_perturbed_iso,44,0.006050150475052536,0.023782670497894287
b004_0377,loco_perturbed_iso,44,0.009505675220098651,0.04534190893173218
b004_0386,loco_perturbed_iso,44,0.005442345972921028,0.03996384143829346
b004_0393,loco_perturbed_iso,44,0.01256388242616028,0.03758023679256439
b005_0475,loco_perturbed_iso,44,0.007616896548720657,0.06248950958251953
b005_0476,loco_perturbed_iso,44,0.006121294603484576,0.02367299795150757
b005_0477,loco_perturbed_iso,44,0.009522426140601517,0.057499706745147705
b005_0478,loco_perturbed_iso,44,0.006674733012914658,0.02122420072555542
b005_0479,loco_perturbed_iso,44,0.0059737888638113365,0.012856721878051758
b005_0480,loco_perturbed_iso,44,0.007223136661971202,0.024091660976409912
b005_0481,loco_perturbed_iso,44,0.010276672048646896,0.056910812854766846
b005_0482,loco_perturbed_iso,44,0.007256713802697229,0.018931180238723755
b005_0485,loco_perturbed_iso,44,0.007032239534815804,0.022412657737731934
b005_0487,loco_perturbed_iso,44,0.005448798664280626,0.012796595692634583
b005_0489,loco_perturbed_iso,44,0.0067461393773555756,0.054801344871520996
b005_0490,loco_perturbed_iso,44,0.013368555085092295,0.04797083139419556
b005_0492,loco_perturbed_iso,44,0.010897934375727763,0.06718826293945312
b005_0493,loco_perturbed_iso,44,0.007662443902160301,0.01873306930065155
b005_0495,loco_perturbed_iso,44,0.008881220013880338,0.012143224477767944
b005_0496,loco_perturbed_iso,44,0.00880933064417761,0.07662630081176758
b005_0498,loco_perturbed_iso,44,0.011545412547764231,0.05229783058166504
b005_0500,loco_perturbed_iso,44,0.011382879903081988,0.036116063594818115
b005_0501,loco_perturbed_iso,44,0.00860590902996845,0.02212613821029663
b005_0503,loco_perturbed_iso,44,0.009520873244180054,0.05850464105606079
b005_0504,loco_perturbed_iso,44,0.0070909889506512004,0.02939295768737793
b005_0505,loco_perturbed_iso,44,0.00753602428270168,0.04564541578292847
b005_0506,loco_perturbed_iso,44,0.008857473120337626,0.03340734541416168
b005_0507,loco_perturbed_iso,44,0.0075666959412762375,0.024785667657852173
b005_0508,loco_perturbed_iso,44,0.019242744587483953,0.07592105865478516
b005_0509,loco_perturbed_iso,44,0.00845057266901751,0.044715702533721924
b005_0511,loco_perturbed_iso,44,0.00903890996438558,0.01964893937110901
b005_0513,loco_perturbed_iso,44,0.006156700312114152,0.059006333351135254
b005_0514,loco_perturbed_iso,44,0.006782057343936357,0.028104186058044434
b005_0515,loco_perturbed_iso,44,0.009958539952020177,0.06210905313491821
b005_0516,loco_perturbed_iso,44,0.008074922212323204,0.03711581230163574
b005_0517,loco_perturbed_iso,44,0.00809929654246471,0.06952780485153198
b005_0518,loco_perturbed_iso,44,0.009159674959593132,0.06915849447250366
b005_0519,loco_perturbed_iso,44,0.009856052452423533,0.02974662184715271
b005_0521,loco_perturbed_iso,44,0.009575758984342951,0.06028038263320923
b005_0522,loco_perturbed_iso,44,0.0102144397917341,0.05049312114715576
b005_0523,loco_perturbed_iso,44,0.007827686176436846,0.025394856929779053
b005_0524,loco_perturbed_iso,44,0.010669428061266414,0.05888831615447998
b005_0525,loco_perturbed_iso,44,0.007208268295546047,0.01814335584640503
b005_0526,loco_perturbed_iso,44,0.010483514700756699,0.057595014572143555
b005_0528,loco_perturbed_iso,44,0.009637893650863991,0.06134772300720215
b005_0529,loco_perturbed_iso,44,0.01290862775239788,0.07174211740493774
b005_0531,loco_perturbed_iso,44,0.00848005467750987,0.06772369146347046
b005_0532,loco_perturbed_iso,44,0.006891608238220215,0.028370440006256104
b005_0534,loco_perturbed_iso,44,0.012178748662843079,0.05293393135070801
b005_0535,loco_perturbed_iso,44,0.00721224415741983,0.034316301345825195
b005_0536,loco_perturbed_iso,44,0.009236314074426401,0.032776713371276855
b005_0537,loco_perturbed_iso,44,0.009819885502096082,0.07634401321411133
b005_0538,loco_perturbed_iso,44,0.007620997055143607,0.020077288150787354
b005_0539,loco_perturbed_iso,44,0.007025576517230175,0.026165127754211426
b005_0540,loco_perturbed_iso,44,0.008669510361601095,0.06980717182159424
b005_0541,loco_perturbed_iso,44,0.011638288615179843,0.04483300447463989
b005_0542,loco_perturbed_iso,44,0.007076400835983088,0.018708765506744385
b005_0543,loco_perturbed_iso,44,0.009571290407024447,0.0776551365852356
b005_0544,loco_perturbed_iso,44,0.009229556336754659,0.04703164100646973
b005_0545,loco_perturbed_iso,44,0.007895908028375908,0.05680394172668457
b005_0547,loco_perturbed_iso,44,0.011400777052660457,0.03420785069465637
b005_0548,loco_perturbed_iso,44,0.0183046746571533,0.04755103588104248
b005_0549,loco_perturbed_iso,44,0.012152679569897105,0.050955355167388916
b005_0550,loco_perturbed_iso,44,0.00982151632426215,0.054335713386535645
b005_0551,loco_perturbed_iso,44,0.012833322841124456,0.05407226085662842
b004_0103,loco_perturbed_iso,45,0.007292201101291375,0.025580763816833496
b004_0104,loco_perturbed_iso,45,0.008397147059440613,0.025621429085731506
b004_0108,loco_perturbed_iso,45,0.009039477796339597,0.03385651111602783
b004_0109,loco_perturbed_iso,45,0.007016372790590661,0.023891299962997437
b004_0112,loco_perturbed_iso,45,0.005881202636195011,0.028064370155334473
b004_0113,loco_perturbed_iso,45,0.007665577420934302,0.01212233304977417
b004_0117,loco_perturbed_iso,45,0.007013877823216016,0.03285294771194458
b004_0124,loco_perturbed_iso,45,0.007120959338594655,0.030505895614624023
b004_0125,loco_perturbed_iso,45,0.007337808731149455,0.011326611042022705
b004_0128,loco_perturbed_iso,45,0.0138110487920339,0.030879080295562744
b004_0131,loco_perturbed_iso,45,0.007098898474798828,0.024004697799682617
b004_0132,loco_perturbed_iso,45,0.010348138139873255,0.027634352445602417
b004_0139,loco_perturbed_iso,45,0.0075947813933990044,0.032730430364608765
b004_0145,loco_perturbed_iso,45,0.007774254765178337,0.023798346519470215
b004_0149,loco_perturbed_iso,45,0.008020862326270244,0.02249373495578766
b004_0151,loco_perturbed_iso,45,0.006669945220966808,0.035670340061187744
b004_0153,loco_perturbed_iso,45,0.009021418932519976,0.027721822261810303
b004_0172,loco_perturbed_iso,45,0.00795734771451012,0.055950015783309937
b004_0185,loco_perturbed_iso,45,0.01075590982056055,0.03547024726867676
b004_0221,loco_perturbed_iso,45,0.007116301809666587,0.027044713497161865
b004_0225,loco_perturbed_iso,45,0.006680647857853624,0.019473552703857422
b004_0234,loco_perturbed_iso,45,0.008269046173721064,0.026281505823135376
b004_0235,loco_perturbed_iso,45,0.008347433487899968,0.04001724720001221
b004_0236,loco_perturbed_iso,45,0.007539916844641576,0.020688533782958984
b004_0240,loco_perturbed_iso,45,0.007683663216770672,0.01944352686405182
b004_0246,loco_perturbed_iso,45,0.006717957006614717,0.022660523653030396
b004_0249,loco_perturbed_iso,45,0.00575303958087671,0.01666077971458435
b004_0261,loco_perturbed_iso,45,0.004767894683802714,0.017661288380622864
b004_0263,loco_perturbed_iso,45,0.009388281979033204,0.02575492113828659
b004_0264,loco_perturbed_iso,45,0.005016524222542028,0.017880737781524658
b004_0266,loco_perturbed_iso,45,0.01637502423808223,0.0281141996383667
b004_0274,loco_perturbed_iso,45,0.010908715182640513,0.02558302879333496
b004_0282,loco_perturbed_iso,45,0.009392589880306213,0.034430861473083496
b004_0296,loco_perturbed_iso,45,0.007339424285732332,0.024755507707595825
b004_0300,loco_perturbed_iso,45,0.005509987778839518,0.016652435064315796
b004_0309,loco_perturbed_iso,45,0.007930096849554875,0.026514887809753418
b004_0311,loco_perturbed_iso,45,0.008172039675419449,0.02500176429748535
b004_0317,loco_perturbed_iso,45,0.008852453138984617,0.017927467823028564
b004_0319,loco_perturbed_iso,45,0.009095544819949104,0.011989772319793701
b004_0320,loco_perturbed_iso,45,0.0058178599984919435,0.01735183596611023
b004_0327,loco_perturbed_iso,45,0.008142049195336514,0.03277742862701416
b004_0332,loco_perturbed_iso,45,0.007765530257440004,0.030048519372940063
b004_0339,loco_perturbed_iso,45,0.006784703460384588,0.023352384567260742
b004_0345,loco_perturbed_iso,45,0.017545686515628316,0.0072217583656311035
b004_0348,loco_perturbed_iso,45,0.008744599389248207,0.02340620756149292
b004_0368,loco_perturbed_iso,45,0.013594118175936526,0.03236818313598633
b004_0369,loco_perturbed_iso,45,0.0065890054111597965,0.020674854516983032
b004_0377,loco_perturbed_iso,45,0.009031635877050337,0.037800371646881104
b004_0386,loco_perturbed_iso,45,0.005057482873318625,0.02824300527572632
b004_0393,loco_perturbed_iso,45,0.012126259383608083,0.03094637393951416
b005_0475,loco_perturbed_iso,45,0.0067020726130634055,0.06103098392486572
b005_0476,loco_perturbed_iso,45,0.006509749860060019,0.02766871452331543
b005_0477,loco_perturbed_iso,45,0.0076501462913927485,0.05622875690460205
b005_0478,loco_perturbed_iso,45,0.005962473935768252,0.01556365191936493
b005_0479,loco_perturbed_iso,45,0.005242540088833355,0.01616114377975464
b005_0480,loco_perturbed_iso,45,0.007094498784815679,0.019704222679138184
b005_0481,loco_perturbed_iso,45,0.007874123996398488,0.05736815929412842
b005_0482,loco_perturbed_iso,45,0.008157302426998733,0.0260583758354187
b005_0485,loco_perturbed_iso,45,0.007405340060835979,0.031113505363464355
b005_0487,loco_perturbed_iso,45,0.006831380004276995,0.016148388385772705
b005_0489,loco_perturbed_iso,45,0.00529965880464335,0.05382263660430908
b005_0490,loco_perturbed_iso,45,0.016313977905961334,0.047241806983947754
b005_0492,loco_perturbed_iso,45,0.010247925143749987,0.06583243608474731
b005_0493,loco_perturbed_iso,45,0.008691729825051104,0.020613163709640503
b005_0495,loco_perturbed_iso,45,0.008383024972481806,0.011549875140190125
b005_0496,loco_perturbed_iso,45,0.0072087878208668505,0.07154589891433716
b005_0498,loco_perturbed_iso,45,0.015143788068509493,0.05077636241912842
b005_0500,loco_perturbed_iso,45,0.010324846159239284,0.034220218658447266
b005_0501,loco_perturbed_iso,45,0.007560507134824502,0.021897539496421814
b005_0503,loco_perturbed_iso,45,0.009220361282102397,0.05704575777053833
b005_0504,loco_perturbed_iso,45,0.005750999526410806,0.040434062480926514
b005_0505,loco_perturbed_iso,45,0.006679888997898727,0.04518318176269531
b005_0506,loco_perturbed_iso,45,0.006953500821942188,0.028510794043540955
b005_0507,loco_perturbed_iso,45,0.006234010956326469,0.012391775846481323
b005_0508,loco_perturbed_iso,45,0.014177766918647484,0.07417172193527222
b005_0509,loco_perturbed_iso,45,0.009208802072728266,0.04457932710647583
b005_0511,loco_perturbed_iso,45,0.006058124306260563,0.028639227151870728
b005_0513,loco_perturbed_iso,45,0.006073878192510761,0.058569490909576416
b005_0514,loco_perturbed_iso,45,0.004852029143786821,0.020581543445587158
b005_0515,loco_perturbed_iso,45,0.007978304487759949,0.059130191802978516
b005_0516,loco_perturbed_iso,45,0.009041228255287546,0.03312283754348755
b005_0517,loco_perturbed_iso,45,0.00580903814464319,0.06836521625518799
b005_0518,loco_perturbed_iso,45,0.009919623676382128,0.06847763061523438
b005_0519,loco_perturbed_iso,45,0.01080640790159585,0.028366029262542725
b005_0521,loco_perturbed_iso,45,0.012218603467355009,0.05820643901824951
b005_0522,loco_perturbed_iso,45,0.00866553181263267,0.05094730854034424
b005_0523,loco_perturbed_iso,45,0.0075428143876497865,0.028755486011505127
b005_0524,loco_perturbed_iso,45,0.010005402455075842,0.05984431505203247
b005_0525,loco_perturbed_iso,45,0.007412570849305294,0.014602065086364746
b005_0526,loco_perturbed_iso,45,0.010924168419642527,0.057266414165496826
b005_0528,loco_perturbed_iso,45,0.009240405176018105,0.06036609411239624
b005_0529,loco_perturbed_iso,45,0.00892941916330916,0.06971532106399536
b005_0531,loco_perturbed_iso,45,0.0089688171006617,0.06592243909835815
b005_0532,loco_perturbed_iso,45,0.005606659123154938,0.017415106296539307
b005_0534,loco_perturbed_iso,45,0.008867411339869265,0.05236029624938965
b005_0535,loco_perturbed_iso,45,0.004903815137069734,0.016138553619384766
b005_0536,loco_perturbed_iso,45,0.0089667090138451,0.027536094188690186
b005_0537,loco_perturbed_iso,45,0.010399348362058889,0.07445758581161499
b005_0538,loco_perturbed_iso,45,0.007568119979295574,0.019802242517471313
b005_0539,loco_perturbed_iso,45,0.007851197582776429,0.02614779770374298
b005_0540,loco_perturbed_iso,45,0.008865008283345426,0.06874048709869385
b005_0541,loco_perturbed_iso,45,0.006804271799619081,0.04429161548614502
b005_0542,loco_perturbed_iso,45,0.008194695242115708,0.020155414938926697
b005_0543,loco_perturbed_iso,45,0.01082630718096358,0.07651418447494507
b005_0544,loco_perturbed_iso,45,0.009433998069802269,0.04611998796463013
b005_0545,loco_perturbed_iso,45,0.006008030327617145,0.05586665868759155
b005_0547,loco_perturbed_iso,45,0.00971433862310941,0.03994429111480713
b005_0548,loco_perturbed_iso,45,0.015029631738291412,0.05613827705383301
b005_0549,loco_perturbed_iso,45,0.00862127969988057,0.04977226257324219
b005_0550,loco_perturbed_iso,45,0.012602833939380333,0.0539512038230896
b005_0551,loco_perturbed_iso,45,0.01238653973722067,0.05200070142745972
b004_0103,loco_perturbed_iso,46,0.006938785375630269,0.02285546064376831
b004_0104,loco_perturbed_iso,46,0.0066562548401902935,0.02384743094444275
b004_0108,loco_perturbed_iso,46,0.007097516697449762,0.032292962074279785
b004_0109,loco_perturbed_iso,46,0.006563344756599332,0.02353021502494812
b004_0112,loco_perturbed_iso,46,0.006652295955869018,0.01844114065170288
b004_0113,loco_perturbed_iso,46,0.005578624542619362,0.016927778720855713
b004_0117,loco_perturbed_iso,46,0.007711270732469246,0.03352978825569153
b004_0124,loco_perturbed_iso,46,0.007986864533092155,0.023841798305511475
b004_0125,loco_perturbed_iso,46,0.007774846048140135,0.01293712854385376
b004_0128,loco_perturbed_iso,46,0.008491471470868001,0.018553555011749268
b004_0131,loco_perturbed_iso,46,0.01271519235900191,0.04813849925994873
b004_0132,loco_perturbed_iso,46,0.008578252169441004,0.026366770267486572
b004_0139,loco_perturbed_iso,46,0.007848768998853495,0.03872594237327576
b004_0145,loco_perturbed_iso,46,0.00997426544056564,0.023082002997398376
b004_0149,loco_perturbed_iso,46,0.007776417448872425,0.02233511209487915
b004_0151,loco_perturbed_iso,46,0.009016219099036982,0.030573546886444092
b004_0153,loco_perturbed_iso,46,0.008290074154978892,0.031690388917922974
b004_0172,loco_perturbed_iso,46,0.009640427214688942,0.056838542222976685
b004_0185,loco_perturbed_iso,46,0.012135373092577105,0.0358462929725647
b004_0221,loco_perturbed_iso,46,0.005935010790336328,0.02158123254776001
b004_0225,loco_perturbed_iso,46,0.006941333596335083,0.01999548077583313
b004_0234,loco_perturbed_iso,46,0.0074363486444363825,0.02844199538230896
b004_0235,loco_perturbed_iso,46,0.008704760707304126,0.0484660267829895
b004_0236,loco_perturbed_iso,46,0.007316284614508269,0.019600093364715576
b004_0240,loco_perturbed_iso,46,0.005810001773423836,0.00738004595041275
b004_0246,loco_perturbed_iso,46,0.00860381779856369,0.027778148651123047
b004_0249,loco_perturbed_iso,46,0.007839477697356802,0.019098371267318726
b004_0261,loco_perturbed_iso,46,0.004982652417460426,0.021210789680480957
b004_0263,loco_perturbed_iso,46,0.00885304539907174,0.024910084903240204
b004_0264,loco_perturbed_iso,46,0.006351076493986318,0.021451711654663086
b004_0266,loco_perturbed_iso,46,0.021153847335791977,0.03228104114532471
b004_0274,loco_perturbed_iso,46,0.010160268330183185,0.028739094734191895
b004_0282,loco_perturbed_iso,46,0.015087466625893702,0.03598564863204956
b004_0296,loco_perturbed_iso,46,0.008084359166563535,0.023100286722183228
b004_0300,loco_perturbed_iso,46,0.007416150181508455,0.024134278297424316
b004_0309,loco_perturbed_iso,46,0.00790046815012322,0.027105987071990967
b004_0311,loco_perturbed_iso,46,0.008204221664393534,0.02354145050048828
b004_0317,loco_perturbed_iso,46,0.011470574213833105,0.018372178077697754
b004_0319,loco_perturbed_iso,46,0.005926640979090675,0.012108683586120605
b004_0320,loco_perturbed_iso,46,0.007341343237728369,0.02866452932357788
b004_0327,loco_perturbed_iso,46,0.008062263065185702,0.03293287754058838
b004_0332,loco_perturbed_iso,46,0.007612659244752321,0.028589516878128052
b004_0339,loco_perturbed_iso,46,0.007271220999174431,0.018003731966018677
b004_0345,loco_perturbed_iso,46,0.005415675398267684,0.025395870208740234
b004_0348,loco_perturbed_iso,46,0.009951725724290629,0.03089594841003418
b004_0368,loco_perturbed_iso,46,0.008830852867638479,0.027096867561340332
b004_0369,loco_perturbed_iso,46,0.006693722466464902,0.01877427101135254
b004_0377,loco_perturbed_iso,46,0.009016228015305565,0.030633121728897095
b004_0386,loco_perturbed_iso,46,0.006965038290277856,0.02118813991546631
b004_0393,loco_perturbed_iso,46,0.00986016859285167,0.03496269881725311
b005_0475,loco_perturbed_iso,46,0.0073327889940777765,0.06548333168029785
b005_0476,loco_perturbed_iso,46,0.007139673792436475,0.035564571619033813
b005_0477,loco_perturbed_iso,46,0.009205220175571129,0.0597304105758667
b005_0478,loco_perturbed_iso,46,0.010758234584917788,0.027369022369384766
b005_0479,loco_perturbed_iso,46,0.0054902445952423285,0.008246958255767822
b005_0480,loco_perturbed_iso,46,0.0069159392084254595,0.018157005310058594
b005_0481,loco_perturbed_iso,46,0.00945607872038591,0.058632850646972656
b005_0482,loco_perturbed_iso,46,0.007462003558385568,0.027006834745407104
b005_0485,loco_perturbed_iso,46,0.006986005445484255,0.024326682090759277
b005_0487,loco_perturbed_iso,46,0.0068305636771389695,0.010814324021339417
b005_0489,loco_perturbed_iso,46,0.010731131571238159,0.057167232036590576
b005_0490,loco_perturbed_iso,46,0.01667889806090808,0.05017292499542236
b005_0492,loco_perturbed_iso,46,0.008119595160738367,0.06939488649368286
b005_0493,loco_perturbed_iso,46,0.007111480917598381,0.017212167382240295
b005_0495,loco_perturbed_iso,46,0.007333022893452254,0.01488041877746582
b005_0496,loco_perturbed_iso,46,0.0088979608577783,0.07920557260513306
b005_0498,loco_perturbed_iso,46,0.014908675104379654,0.05424332618713379
b005_0500,loco_perturbed_iso,46,0.010171326029984678,0.03574728965759277
b005_0501,loco_perturbed_iso,46,0.006361902615085977,0.023584753274917603
b005_0503,loco_perturbed_iso,46,0.008372121536340869,0.06078946590423584
b005_0504,loco_perturbed_iso,46,0.007025853837611245,0.03804418444633484
b005_0505,loco_perturbed_iso,46,0.007557893202441638,0.04709219932556152
b005_0506,loco_perturbed_iso,46,0.011158495408589722,0.032805219292640686
b005_0507,loco_perturbed_iso,46,0.008277871691789783,0.01771378517150879
b005_0508,loco_perturbed_iso,46,0.013457893164920026,0.07938927412033081
b005_0509,loco_perturbed_iso,46,0.005795215668736912,0.04642266035079956
b005_0511,loco_perturbed_iso,46,0.005859111176162469,0.028653770685195923
b005_0513,loco_perturbed_iso,46,0.007207581987146472,0.06167018413543701
b005_0514,loco_perturbed_iso,46,0.006714640826475425,0.019356191158294678
b005_0515,loco_perturbed_iso,46,0.008945028984644374,0.06387734413146973
b005_0516,loco_perturbed_iso,46,0.009240249874161893,0.03725433349609375
b005_0517,loco_perturbed_iso,46,0.005783080138632509,0.07224565744400024
b005_0518,loco_perturbed_iso,46,0.00778800682699094,0.07143956422805786
b005_0519,loco_perturbed_iso,46,0.009781417971263166,0.03063911199569702
b005_0521,loco_perturbed_iso,46,0.01000997393590505,0.062347233295440674
b005_0522,loco_perturbed_iso,46,0.009940161751430542,0.05161869525909424
b005_0523,loco_perturbed_iso,46,0.009285082704708224,0.02761363983154297
b005_0524,loco_perturbed_iso,46,0.009379275631709177,0.061964571475982666
b005_0525,loco_perturbed_iso,46,0.006740442126012239,0.01634526252746582
b005_0526,loco_perturbed_iso,46,0.011394761685953766,0.05887943506240845
b005_0528,loco_perturbed_iso,46,0.010095580679471375,0.062541663646698
b005_0529,loco_perturbed_iso,46,0.010629696374545331,0.07578468322753906
b005_0531,loco_perturbed_iso,46,0.00865628570318222,0.06974315643310547
b005_0532,loco_perturbed_iso,46,0.005852693233822212,0.014336749911308289
b005_0534,loco_perturbed_iso,46,0.007153747389551069,0.0548396110534668
b005_0535,loco_perturbed_iso,46,0.007474890620004935,0.02275216579437256
b005_0536,loco_perturbed_iso,46,0.009204215202175204,0.032727181911468506
b005_0537,loco_perturbed_iso,46,0.01023231745987642,0.07810842990875244
b005_0538,loco_perturbed_iso,46,0.008088631708113874,0.023177385330200195
b005_0539,loco_perturbed_iso,46,0.007688718863198015,0.024918213486671448
b005_0540,loco_perturbed_iso,46,0.008608827275819466,0.0722649097442627
b005_0541,loco_perturbed_iso,46,0.00780486376559148,0.046711742877960205
b005_0542,loco_perturbed_iso,46,0.007816731990849386,0.016839727759361267
b005_0543,loco_perturbed_iso,46,0.012051528716673617,0.08077681064605713
b005_0544,loco_perturbed_iso,46,0.008932903531144877,0.04838919639587402
b005_0545,loco_perturbed_iso,46,0.008066826057238657,0.05881965160369873
b005_0547,loco_perturbed_iso,46,0.008864142306026866,0.03045755624771118
b005_0548,loco_perturbed_iso,46,0.015719322273965743,0.06403803825378418
b005_0549,loco_perturbed_iso,46,0.009920406475907466,0.053031325340270996
b005_0550,loco_perturbed_iso,46,0.012144220351684288,0.05667001008987427
b005_0551,loco_perturbed_iso,46,0.010652755188648819,0.05671173334121704
b004_0144,loco_log_variant,42,0.015757539721786,0.01402127742767334
b004_0164,loco_log_variant,42,0.010536537795770363,0.031990110874176025
b004_0168,loco_log_variant,42,0.018751235281834838,0.02588498592376709
b004_0190,loco_log_variant,42,0.013532042503356934,0.03866374492645264
b004_0222,loco_log_variant,42,0.018400273362144094,0.026573479175567627
b004_0228,loco_log_variant,42,0.01298095359176886,0.03312969207763672
b004_0255,loco_log_variant,42,0.019243726476294097,0.008915185928344727
b004_0257,loco_log_variant,42,0.014096947478466347,0.03484833240509033
b004_0292,loco_log_variant,42,0.015780959461556106,0.022564172744750977
b004_0293,loco_log_variant,42,0.017456312160022924,0.029048681259155273
b004_0297,loco_log_variant,42,0.015235212005552699,0.038664400577545166
b004_0301,loco_log_variant,42,0.013772533565271096,0.02174466848373413
b004_0342,loco_log_variant,42,0.0161187150439278,0.022159874439239502
b004_0399,loco_log_variant,42,0.016579728146068385,0.040133535861968994
b005_0231,loco_log_variant,42,0.010301893241092807,0.04376286268234253
b005_0232,loco_log_variant,42,0.021560978205477605,0.05527466535568237
b005_0233,loco_log_variant,42,0.006866561035152341,0.043292105197906494
b005_0234,loco_log_variant,42,0.01863220236340507,0.04071509838104248
b005_0235,loco_log_variant,42,0.01028687445843806,0.02537626028060913
b005_0237,loco_log_variant,42,0.008160972082224048,0.0192432701587677
b005_0240,loco_log_variant,42,0.028821564600115916,0.04800295829772949
b005_0241,loco_log_variant,42,0.008414876021322657,0.02974414825439453
b005_0242,loco_log_variant,42,0.006552880294010287,0.009839922189712524
b005_0243,loco_log_variant,42,0.006055834596274329,0.03159838914871216
b005_0244,loco_log_variant,42,0.010278893298790103,0.020626038312911987
b005_0246,loco_log_variant,42,0.006348987583254204,0.008164912462234497
b005_0250,loco_log_variant,42,0.009861350242720276,0.027260959148406982
b005_0251,loco_log_variant,42,0.01619530652390152,0.006884664297103882
b005_0252,loco_log_variant,42,0.00806092531954656,0.029613971710205078
b005_0253,loco_log_variant,42,0.007775569548372363,0.00912708044052124
b005_0254,loco_log_variant,42,0.01118184992524444,0.016026020050048828
b005_0255,loco_log_variant,42,0.009389375733425383,0.06684726476669312
b005_0257,loco_log_variant,42,0.008733538819141075,0.04284241795539856
b005_0258,loco_log_variant,42,0.017674191076247417,0.03929013013839722
b005_0259,loco_log_variant,42,0.007332121495340691,0.016082346439361572
b005_0262,loco_log_variant,42,0.005916534266510948,0.0170460045337677
b005_0264,loco_log_variant,42,0.011513969937308889,0.030373096466064453
b005_0265,loco_log_variant,42,0.012932125173631261,0.02841779589653015
b005_0266,loco_log_variant,42,0.01512328278822977,0.028165161609649658
b005_0267,loco_log_variant,42,0.02281647822895988,0.04707348346710205
b005_0269,loco_log_variant,42,0.016414395609840017,0.019647419452667236
b005_0270,loco_log_variant,42,0.024194015342681133,0.035169780254364014
b005_0272,loco_log_variant,42,0.014685696021455233,0.006643712520599365
b005_0273,loco_log_variant,42,0.006390226668998843,0.052862584590911865
b005_0274,loco_log_variant,42,0.007131875294153807,0.015515387058258057
b005_0278,loco_log_variant,42,0.007972020106237442,0.019708573818206787
b005_0279,loco_log_variant,42,0.02615039758994931,0.019128799438476562
b005_0283,loco_log_variant,42,0.021590737045788375,0.020413219928741455
b005_0286,loco_log_variant,42,0.009924145018468137,0.033351361751556396
b005_0289,loco_log_variant,42,0.011001412649867965,0.04808366298675537
b005_0290,loco_log_variant,42,0.010718614214145746,0.03408074378967285
b005_0291,loco_log_variant,42,0.01058667067621575,0.027134746313095093
b005_0293,loco_log_variant,42,0.01309797851765742,0.02663654088973999
b005_0294,loco_log_variant,42,0.013431485841569842,0.041416049003601074
b005_0296,loco_log_variant,42,0.014098859224163119,0.03017491102218628
b005_0297,loco_log_variant,42,0.010592920003367251,0.03796947002410889
b005_0298,loco_log_variant,42,0.007411759774215886,0.01887616515159607
b005_0299,loco_log_variant,42,0.014008708176065664,0.04934149980545044
b005_0300,loco_log_variant,42,0.00902817117386177,0.0244254469871521
b005_0301,loco_log_variant,42,0.006580363653722356,0.03090345859527588
b005_0302,loco_log_variant,42,0.014669681181673144,0.02482151985168457
b005_0303,loco_log_variant,42,0.028881832337022195,0.09845250844955444
b005_0304,loco_log_variant,42,0.0162668022953096,0.02931731939315796
b005_0305,loco_log_variant,42,0.012318279706781394,0.03538801905233413
b005_0308,loco_log_variant,42,0.007381222531443737,0.018243014812469482
b005_0310,loco_log_variant,42,0.015095546597340068,0.029511690139770508
b005_0313,loco_log_variant,42,0.011205153509241636,0.011005759239196777
b005_0316,loco_log_variant,42,0.014050828048684558,0.0715758204460144
b005_0317,loco_log_variant,42,0.010697063119685064,0.01574397087097168
b004_0144,loco_log_variant,43,0.010814272477978566,0.01945704221725464
b004_0164,loco_log_variant,43,0.013705012739681806,0.03812742233276367
b004_0168,loco_log_variant,43,0.011580248836611138,0.021951138973236084
b004_0190,loco_log_variant,43,0.02012346709360842,0.04293566942214966
b004_0222,loco_log_variant,43,0.015755788713205057,0.03255504369735718
b004_0228,loco_log_variant,43,0.023417512412931097,0.044249534606933594
b004_0255,loco_log_variant,43,0.011319277716464684,0.019180357456207275
b004_0257,loco_log_variant,43,0.019116190613293258,0.04688972234725952
b004_0292,loco_log_variant,43,0.016785504876590165,0.03586453199386597
b004_0293,loco_log_variant,43,0.016351373957805945,0.041972339153289795
b004_0297,loco_log_variant,43,0.017841183259838918,0.034841179847717285
b004_0301,loco_log_variant,43,0.011523267284768527,0.019546151161193848
b004_0342,loco_log_variant,43,0.01399024637019048,0.025329530239105225
b004_0399,loco_log_variant,43,0.015828110155512075,0.034999847412109375
b005_0231,loco_log_variant,43,0.009176882197622393,0.04620373249053955
b005_0232,loco_log_variant,43,0.01835662712816332,0.053516268730163574
b005_0233,loco_log_variant,43,0.009362688013276116,0.04342430830001831
b005_0234,loco_log_variant,43,0.015624706984543409,0.045367300510406494
b005_0235,loco_log_variant,43,0.011314635149768142,0.0309411883354187
b005_0237,loco_log_variant,43,0.011557409631424263,0.030665278434753418
b005_0240,loco_log_variant,43,0.02316656122442152,0.050544679164886475
b005_0241,loco_log_variant,43,0.012862131488127787,0.03570556640625
b005_0242,loco_log_variant,43,0.007695728821344063,0.010945916175842285
b005_0243,loco_log_variant,43,0.00722528096349513,0.023928701877593994
b005_0244,loco_log_variant,43,0.010695064654115771,0.028182178735733032
b005_0246,loco_log_variant,43,0.006665095442631205,0.016260266304016113
b005_0250,loco_log_variant,43,0.009298221253957904,0.03129684925079346
b005_0251,loco_log_variant,43,0.02042971038427509,0.028021395206451416
b005_0252,loco_log_variant,43,0.010891930978806292,0.03037238121032715
b005_0253,loco_log_variant,43,0.014504556040294835,0.027959465980529785
b005_0254,loco_log_variant,43,0.009330395303788732,0.01780039072036743
b005_0255,loco_log_variant,43,0.012613421077000314,0.06677687168121338
b005_0257,loco_log_variant,43,0.013217290405367241,0.04743114113807678
b005_0258,loco_log_variant,43,0.023776735438675176,0.04792290925979614
b005_0259,loco_log_variant,43,0.009388017605562678,0.02305358648300171
b005_0262,loco_log_variant,43,0.009760448067891793,0.02017354965209961
b005_0264,loco_log_variant,43,0.009787734903273036,0.03336280584335327
b005_0265,loco_log_variant,43,0.01391710316548582,0.036620527505874634
b005_0266,loco_log_variant,43,0.012781516938913063,0.04728496074676514
b005_0267,loco_log_variant,43,0.02628642662626798,0.04685252904891968
b005_0269,loco_log_variant,43,0.013562920152163897,0.021206557750701904
b005_0270,loco_log_variant,43,0.016121760743563293,0.03596597909927368
b005_0272,loco_log_variant,43,0.012601769117058301,0.01700955629348755
b005_0273,loco_log_variant,43,0.007680294882567202,0.05307859182357788
b005_0274,loco_log_variant,43,0.010263920807447589,0.03261786699295044
b005_0278,loco_log_variant,43,0.010046859012275446,0.035227417945861816
b005_0279,loco_log_variant,43,0.015724465983812927,0.027723073959350586
b005_0283,loco_log_variant,43,0.01163701346663178,0.018913596868515015
b005_0286,loco_log_variant,43,0.01611529467780082,0.044902682304382324
b005_0289,loco_log_variant,43,0.014005096751402636,0.04848593473434448
b005_0290,loco_log_variant,43,0.014053600901340852,0.03866851329803467
b005_0291,loco_log_variant,43,0.009953828375847613,0.030473649501800537
b005_0293,loco_log_variant,43,0.019990724862598983,0.044586777687072754
b005_0294,loco_log_variant,43,0.013729034121468907,0.04074840387329459
b005_0296,loco_log_variant,43,0.01347392162338632,0.030619502067565918
b005_0297,loco_log_variant,43,0.011396800152591018,0.03443330526351929
b005_0298,loco_log_variant,43,0.00548836100296896,0.01920098066329956
b005_0299,loco_log_variant,43,0.015375912678046305,0.05775487422943115
b005_0300,loco_log_variant,43,0.009383575960260923,0.015611905604600906
b005_0301,loco_log_variant,43,0.015504149628467247,0.046828389167785645
b005_0302,loco_log_variant,43,0.016450539719863017,0.03782165050506592
b005_0303,loco_log_variant,43,0.02939130474820916,0.0988273024559021
b005_0304,loco_log_variant,43,0.01580963222706904,0.029224544763565063
b005_0305,loco_log_variant,43,0.015930310859283828,0.04125009861309081
b005_0308,loco_log_variant,43,0.006164437801134391,0.019151270389556885
b005_0310,loco_log_variant,43,0.011648191291777814,0.024168401956558228
b005_0313,loco_log_variant,43,0.008526391731422455,0.010673314332962036
b005_0316,loco_log_variant,43,0.01850483306973684,0.07156789302825928
b005_0317,loco_log_variant,43,0.010423423203288531,0.012639731168746948
b004_0144,loco_log_variant,44,0.014241062715405324,0.03060060739517212
b004_0164,loco_log_variant,44,0.012723070187646835,0.032919466495513916
b004_0168,loco_log_variant,44,0.014013649987392738,0.03335148096084595
b004_0190,loco_log_variant,44,0.015439869439015623,0.04247063398361206
b004_0222,loco_log_variant,44,0.018253135876577408,0.036998748779296875
b004_0228,loco_log_variant,44,0.018708180208675197,0.04506957530975342
b004_0255,loco_log_variant,44,0.013643029283304683,0.01454383134841919
b004_0257,loco_log_variant,44,0.02247053189355819,0.05750632286071777
b004_0292,loco_log_variant,44,0.016950459265318074,0.03689301013946533
b004_0293,loco_log_variant,44,0.014903170163514183,0.045273005962371826
b004_0297,loco_log_variant,44,0.01855102083722099,0.03903007507324219
b004_0301,loco_log_variant,44,0.014558161868423711,0.03270149230957031
b004_0342,loco_log_variant,44,0.015578206445350021,0.023734092712402344
b004_0399,loco_log_variant,44,0.018137520942531647,0.04630392789840698
b005_0231,loco_log_variant,44,0.009898192447717072,0.05016082525253296
b005_0232,loco_log_variant,44,0.018727140348465718,0.07329583168029785
b005_0233,loco_log_variant,44,0.007208771087595674,0.04427826404571533
b005_0234,loco_log_variant,44,0.010792266882833888,0.04491668939590454
b005_0235,loco_log_variant,44,0.010950678684672371,0.03622710704803467
b005_0237,loco_log_variant,44,0.009206707604595871,0.022150814533233643
b005_0240,loco_log_variant,44,0.0243195505415807,0.06016361713409424
b005_0241,loco_log_variant,44,0.010622191380281917,0.034965693950653076
b005_0242,loco_log_variant,44,0.0066558062785961585,0.007948130369186401
b005_0243,loco_log_variant,44,0.007867820438791494,0.02705162763595581
b005_0244,loco_log_variant,44,0.00866031500159717,0.018959999084472656
b005_0246,loco_log_variant,44,0.006371170526645223,0.016017258167266846
b005_0250,loco_log_variant,44,0.009235082835447593,0.024338454008102417
b005_0251,loco_log_variant,44,0.015013758276329666,0.024132370948791504
b005_0252,loco_log_variant,44,0.0102785053800364,0.029758572578430176
b005_0253,loco_log_variant,44,0.00877339038692537,0.018150806427001953
b005_0254,loco_log_variant,44,0.01079397611930722,0.02148115634918213
b005_0255,loco_log_variant,44,0.00791336942586254,0.06762748956680298
b005_0257,loco_log_variant,44,0.010778544134781009,0.038456737995147705
b005_0258,loco_log_variant,44,0.021850748140303813,0.044387996196746826
b005_0259,loco_log_variant,44,0.00797980071091261,0.018061190843582153
b005_0262,loco_log_variant,44,0.007722033462563499,0.017647504806518555
b005_0264,loco_log_variant,44,0.013649803204614609,0.03529369831085205
b005_0265,loco_log_variant,44,0.01344560257724074,0.03377595543861389
b005_0266,loco_log_variant,44,0.013468675926083425,0.05959367752075195
b005_0267,loco_log_variant,44,0.028821835752393377,0.060654520988464355
b005_0269,loco_log_variant,44,0.019112404741224696,0.04050850868225098
b005_0270,loco_log_variant,44,0.01835856574480651,0.04650169610977173
b005_0272,loco_log_variant,44,0.00845210913751946,0.018442809581756592
b005_0273,loco_log_variant,44,0.00573721821190881,0.05357718467712402
b005_0274,loco_log_variant,44,0.008384533592912018,0.03426128625869751
b005_0278,loco_log_variant,44,0.010271656220076515,0.0180167555809021
b005_0279,loco_log_variant,44,0.024494128149063862,0.05092853307723999
b005_0283,loco_log_variant,44,0.01688544867468662,0.023704618215560913
b005_0286,loco_log_variant,44,0.015146195399956625,0.05341601371765137
b005_0289,loco_log_variant,44,0.010959880915088732,0.048742830753326416
b005_0290,loco_log_variant,44,0.00849027117928032,0.03680998086929321
b005_0291,loco_log_variant,44,0.010327092692500255,0.032061368227005005
b005_0293,loco_log_variant,44,0.016247280797020335,0.044812917709350586
b005_0294,loco_log_variant,44,0.00763348805275364,0.031039567198604345
b005_0296,loco_log_variant,44,0.015057716701851517,0.03179708123207092
b005_0297,loco_log_variant,44,0.012296731965463669,0.04999297857284546
b005_0298,loco_log_variant,44,0.005223120211577806,0.014603644609451294
b005_0299,loco_log_variant,44,0.016001679125379344,0.06128042936325073
b005_0300,loco_log_variant,44,0.007726185878769296,0.01921391487121582
b005_0301,loco_log_variant,44,0.01039101134558193,0.038615882396698
b005_0302,loco_log_variant,44,0.016337950942946263,0.030835628509521484
b005_0303,loco_log_variant,44,0.020382869643250815,0.09970694780349731
b005_0304,loco_log_variant,44,0.021582421220716883,0.046254098415374756
b005_0305,loco_log_variant,44,0.011013963784579738,0.03306068491656333
b005_0308,loco_log_variant,44,0.005334928998204529,0.019870877265930176
b005_0310,loco_log_variant,44,0.01270771661742789,0.04722490906715393
b005_0313,loco_log_variant,44,0.007942620237342646,0.01335984468460083
b005_0316,loco_log_variant,44,0.01239401025728124,0.07250773906707764
b005_0317,loco_log_variant,44,0.008842125779292623,0.009731024503707886
b004_0144,loco_log_variant,45,0.011000086538127212,0.0323958694934845
b004_0164,loco_log_variant,45,0.013672354768534175,0.03433099389076233
b004_0168,loco_log_variant,45,0.01390631130484284,0.03199648857116699
b004_0190,loco_log_variant,45,0.019282790969629756,0.039438337087631226
b004_0222,loco_log_variant,45,0.012680131392400772,0.041902899742126465
b004_0228,loco_log_variant,45,0.025505344398686142,0.05989238619804382
b004_0255,loco_log_variant,45,0.00928744234022547,0.04187306761741638
b004_0257,loco_log_variant,45,0.018311197640465907,0.03888466954231262
b004_0292,loco_log_variant,45,0.0170825900601559,0.03550279140472412
b004_0293,loco_log_variant,45,0.01492132906053887,0.043444275856018066
b004_0297,loco_log_variant,45,0.02377942057906604,0.0403902530670166
b004_0301,loco_log_variant,45,0.009916921619509087,0.039705634117126465
b004_0342,loco_log_variant,45,0.021095830397527725,0.05275598168373108
b004_0399,loco_log_variant,45,0.01528815607555577,0.03867518901824951
b005_0231,loco_log_variant,45,0.01028638088800868,0.054705262184143066
b005_0232,loco_log_variant,45,0.024526222318899435,0.060621559619903564
b005_0233,loco_log_variant,45,0.010994785083610504,0.04266464710235596
b005_0234,loco_log_variant,45,0.012734260959703415,0.042703449726104736
b005_0235,loco_log_variant,45,0.012508777565643435,0.030864208936691284
b005_0237,loco_log_variant,45,0.007622086733091073,0.01849544048309326
b005_0240,loco_log_variant,45,0.0197417965677918,0.033152997493743896
b005_0241,loco_log_variant,45,0.008219045693757103,0.024612635374069214
b005_0242,loco_log_variant,45,0.006097516686212821,0.009454876184463501
b005_0243,loco_log_variant,45,0.00834595790651978,0.020925521850585938
b005_0244,loco_log_variant,45,0.012575704054754288,0.041412532329559326
b005_0246,loco_log_variant,45,0.011190178452945147,0.019733011722564697
b005_0250,loco_log_variant,45,0.009776926004007215,0.02776634693145752
b005_0251,loco_log_variant,45,0.01709497365795198,0.036107420921325684
b005_0252,loco_log_variant,45,0.01578099268381713,0.038141101598739624
b005_0253,loco_log_variant,45,0.01288456310991381,0.027395904064178467
b005_0254,loco_log_variant,45,0.007476179814729534,0.029344171285629272
b005_0255,loco_log_variant,45,0.012298219867783492,0.06538283824920654
b005_0257,loco_log_variant,45,0.016880219099951573,0.05365768074989319
b005_0258,loco_log_variant,45,0.017358930873089148,0.04612210392951965
b005_0259,loco_log_variant,45,0.008760015739769231,0.02058127522468567
b005_0262,loco_log_variant,45,0.00499855812455787,0.015103936195373535
b005_0264,loco_log_variant,45,0.01331516978193502,0.06626361608505249
b005_0265,loco_log_variant,45,0.012668783058885668,0.049091845750808716
b005_0266,loco_log_variant,45,0.02440552340179193,0.0441744327545166
b005_0267,loco_log_variant,45,0.03297343801279537,0.055463582277297974
b005_0269,loco_log_variant,45,0.010565445559923767,0.026675909757614136
b005_0270,loco_log_variant,45,0.01633605996116263,0.03458946943283081
b005_0272,loco_log_variant,45,0.01533091727827416,0.029652178287506104
b005_0273,loco_log_variant,45,0.007586383184448617,0.0514797568321228
b005_0274,loco_log_variant,45,0.010362008800272082,0.027843892574310303
b005_0278,loco_log_variant,45,0.008520644707757919,0.01803147792816162
b005_0279,loco_log_variant,45,0.01529343499511969,0.029279261827468872
b005_0283,loco_log_variant,45,0.011445172986046213,0.026721477508544922
b005_0286,loco_log_variant,45,0.012118526291651804,0.03502470254898071
b005_0289,loco_log_variant,45,0.011469471741650925,0.04625582695007324
b005_0290,loco_log_variant,45,0.01433749232807609,0.028721836395561695
b005_0291,loco_log_variant,45,0.008564833002012284,0.024031102657318115
b005_0293,loco_log_variant,45,0.012344959085104896,0.0351545512676239
b005_0294,loco_log_variant,45,0.011916742866217602,0.033459806349128485
b005_0296,loco_log_variant,45,0.01175586317406326,0.03034377098083496
b005_0297,loco_log_variant,45,0.01711330489545572,0.061460793018341064
b005_0298,loco_log_variant,45,0.005030921370279593,0.010381221771240234
b005_0299,loco_log_variant,45,0.01481325948824648,0.04575926065444946
b005_0300,loco_log_variant,45,0.00983741354258334,0.01811625435948372
b005_0301,loco_log_variant,45,0.013194615967938157,0.04961138963699341
b005_0302,loco_log_variant,45,0.01893164144187677,0.058055877685546875
b005_0303,loco_log_variant,45,0.026739623876609154,0.09668254852294922
b005_0304,loco_log_variant,45,0.019197783020676158,0.0500565767288208
b005_0305,loco_log_variant,45,0.015493265358868559,0.035671541234478354
b005_0308,loco_log_variant,45,0.0117411236049699,0.02303066849708557
b005_0310,loco_log_variant,45,0.010448118213747368,0.04112479090690613
b005_0313,loco_log_variant,45,0.005721961438167291,0.010861814022064209
b005_0316,loco_log_variant,45,0.01635169723361242,0.06983405351638794
b005_0317,loco_log_variant,45,0.008520263140318824,0.010071426630020142
b004_0144,loco_log_variant,46,0.013764539214431262,0.054687559604644775
b004_0164,loco_log_variant,46,0.016411470585182063,0.04240316152572632
b004_0168,loco_log_variant,46,0.01661070448453309,0.042263031005859375
b004_0190,loco_log_variant,46,0.0230902301483467,0.05246180295944214
b004_0222,loco_log_variant,46,0.017082228035223287,0.06146910786628723
b004_0228,loco_log_variant,46,0.03165639814783315,0.07957625389099121
b004_0255,loco_log_variant,46,0.012611697931758693,0.046297043561935425
b004_0257,loco_log_variant,46,0.03108942997260172,0.06501814723014832
b004_0292,loco_log_variant,46,0.021404964513466008,0.05185335874557495
b004_0293,loco_log_variant,46,0.013906993826881785,0.03201526403427124
b004_0297,loco_log_variant,46,0.02868016821439149,0.05148535966873169
b004_0301,loco_log_variant,46,0.015617204005600975,0.047425657510757446
b004_0342,loco_log_variant,46,0.015510058305302605,0.05742141604423523
b004_0399,loco_log_variant,46,0.01830145863235974,0.04068249464035034
b005_0231,loco_log_variant,46,0.010567922816901911,0.046997010707855225
b005_0232,loco_log_variant,46,0.024017633961849524,0.0564001202583313
b005_0233,loco_log_variant,46,0.007801434299984917,0.04339343309402466
b005_0234,loco_log_variant,46,0.017108887189724406,0.05057787895202637
b005_0235,loco_log_variant,46,0.015977076331122976,0.04447224736213684
b005_0237,loco_log_variant,46,0.0089758679759307,0.024550974369049072
b005_0240,loco_log_variant,46,0.02606372022237934,0.05535304546356201
b005_0241,loco_log_variant,46,0.010037769059665868,0.04307416081428528
b005_0242,loco_log_variant,46,0.006803650225772232,0.011647313833236694
b005_0243,loco_log_variant,46,0.00775652177265433,0.03456038236618042
b005_0244,loco_log_variant,46,0.01872244770409631,0.06296214461326599
b005_0246,loco_log_variant,46,0.010072073242703422,0.028341084718704224
b005_0250,loco_log_variant,46,0.0070605198013000805,0.026296645402908325
b005_0251,loco_log_variant,46,0.018932244816764456,0.03955930471420288
b005_0252,loco_log_variant,46,0.019062905526552043,0.040598511695861816
b005_0253,loco_log_variant,46,0.015487544116426687,0.031090736389160156
b005_0254,loco_log_variant,46,0.01397588409361292,0.05020931363105774
b005_0255,loco_log_variant,46,0.009522806288155376,0.06669771671295166
b005_0257,loco_log_variant,46,0.013322548299539284,0.052710264921188354
b005_0258,loco_log_variant,46,0.01978614730913131,0.056753069162368774
b005_0259,loco_log_variant,46,0.007508111537479964,0.028224200010299683
b005_0262,loco_log_variant,46,0.008892972083365331,0.026620984077453613
b005_0264,loco_log_variant,46,0.011183026872697423,0.034115493297576904
b005_0265,loco_log_variant,46,0.013561860948312477,0.051771581172943115
b005_0266,loco_log_variant,46,0.02354118179102413,0.04281741380691528
b005_0267,loco_log_variant,46,0.03405298072783673,0.05525863170623779
b005_0269,loco_log_variant,46,0.01806462104203271,0.054626405239105225
b005_0270,loco_log_variant,46,0.024586452812444967,0.05808576941490173
b005_0272,loco_log_variant,46,0.015896975994110107,0.03537088632583618
b005_0273,loco_log_variant,46,0.008496432336138898,0.05206185579299927
b005_0274,loco_log_variant,46,0.011773559157965614,0.031100481748580933
b005_0278,loco_log_variant,46,0.008201255417260968,0.02825862169265747
b005_0279,loco_log_variant,46,0.022157810261992157,0.048509567975997925
b005_0283,loco_log_variant,46,0.01578985227913153,0.05959734320640564
b005_0286,loco_log_variant,46,0.017879178289507257,0.04793661832809448
b005_0289,loco_log_variant,46,0.012529648260259237,0.04776805639266968
b005_0290,loco_log_variant,46,0.010973482698079993,0.03654745686799288
b005_0291,loco_log_variant,46,0.00972088023287351,0.03575718402862549
b005_0293,loco_log_variant,46,0.021117675255556575,0.04277557134628296
b005_0294,loco_log_variant,46,0.00969027872120992,0.042127644177526236
b005_0296,loco_log_variant,46,0.020554921177567027,0.06673431396484375
b005_0297,loco_log_variant,46,0.013341773606714655,0.043359220027923584
b005_0298,loco_log_variant,46,0.004196917180155144,0.018138617277145386
b005_0299,loco_log_variant,46,0.015300340828348379,0.054691314697265625
b005_0300,loco_log_variant,46,0.008974875521952988,0.020882844924926758
b005_0301,loco_log_variant,46,0.0109216110383878,0.04402720928192139
b005_0302,loco_log_variant,46,0.014315689196352099,0.038505613803863525
b005_0303,loco_log_variant,46,0.021502315805324156,0.09846395254135132
b005_0304,loco_log_variant,46,0.020123231117842626,0.05578809976577759
b005_0305,loco_log_variant,46,0.013221341435278415,0.04336705442983657
b005_0308,loco_log_variant,46,0.009968270165998428,0.02453911304473877
b005_0310,loco_log_variant,46,0.015402293107548698,0.0664735734462738
b005_0313,loco_log_variant,46,0.008115632001493798,0.01809614896774292
b005_0316,loco_log_variant,46,0.013952500782296305,0.07165366411209106
b005_0317,loco_log_variant,46,0.01017316638446245,0.014979362487792969
b005_0710,loco_smoldering,42,0.004862714986332128,0.0
b005_0711,loco_smoldering,42,0.007603565200430448,0.0
b005_0712,loco_smoldering,42,0.004151006213954238,0.0
b005_0713,loco_smoldering,42,0.006222105417095247,0.0
b005_0714,loco_smoldering,42,0.004438231225873604,0.0
b005_0715,loco_smoldering,42,0.04021833568322854,0.0
b005_0716,loco_smoldering,42,0.005075005234264937,0.0
b005_0717,loco_smoldering,42,0.006866228385049788,0.0
b005_0718,loco_smoldering,42,0.004133188333667693,0.0
b005_0719,loco_smoldering,42,0.008490202856845543,0.0
b005_0720,loco_smoldering,42,0.0066400355980044505,0.0
b005_0721,loco_smoldering,42,0.07048355360500148,0.0
b005_0722,loco_smoldering,42,0.03752714395523071,0.0
b005_0723,loco_smoldering,42,0.004678964614868164,0.0
b005_0724,loco_smoldering,42,0.020007032839978327,0.0
b005_0725,loco_smoldering,42,0.006232895812050241,0.0
b005_0726,loco_smoldering,42,0.0042652937232470906,0.0
b005_0727,loco_smoldering,42,0.017171807953568756,0.0
b005_0728,loco_smoldering,42,0.01539367925925333,0.0
b005_0729,loco_smoldering,42,0.012167032624854416,0.0
b005_0730,loco_smoldering,42,0.004352072223288114,0.0
b005_0731,loco_smoldering,42,0.0052655476038573215,0.0
b005_0732,loco_smoldering,42,0.046953939023565074,0.0
b005_0733,loco_smoldering,42,0.006638053987847,0.0
b005_0734,loco_smoldering,42,0.0049918753201844265,0.0
b005_0735,loco_smoldering,42,0.004590558224037046,0.0
b005_0736,loco_smoldering,42,0.004905986004188413,0.0
b005_0737,loco_smoldering,42,0.018309470082892746,0.0
b005_0738,loco_smoldering,42,0.004957233296066034,0.0
b005_0739,loco_smoldering,42,0.004024839792095247,0.0
b005_0740,loco_smoldering,42,0.006572158610234495,0.0
b005_0741,loco_smoldering,42,0.006329366418181873,0.0
b005_0742,loco_smoldering,42,0.008923508104730825,0.0
b005_0743,loco_smoldering,42,0.04819926375248393,0.0
b005_0744,loco_smoldering,42,0.006247727597346072,0.0
b005_0745,loco_smoldering,42,0.004907472211806501,0.0
b005_0746,loco_smoldering,42,0.004681303852894267,0.0
b005_0747,loco_smoldering,42,0.005971596866357522,0.0
b005_0748,loco_smoldering,42,0.004277286959476158,0.0
b005_0749,loco_smoldering,42,0.0052754468605166575,0.0
b005_0750,loco_smoldering,42,0.013291836762037433,0.0
b005_0751,loco_smoldering,42,0.005478946889033083,0.0
b005_0752,loco_smoldering,42,0.008095673850325287,0.0
b005_0753,loco_smoldering,42,0.006715394434381704,0.0
b005_0754,loco_smoldering,42,0.007372782855737405,0.0
b005_0755,loco_smoldering,42,0.008384439788880895,0.0
b005_0756,loco_smoldering,42,0.005139944983310387,0.0
b005_0757,loco_smoldering,42,0.0036288196923302822,0.0
b005_0758,loco_smoldering,42,0.01213449239730835,0.0
b005_0759,loco_smoldering,42,0.004444577654854196,0.0
b005_0760,loco_smoldering,42,0.015175189151138555,0.0
b005_0761,loco_smoldering,42,0.01469163034783035,0.0
b005_0762,loco_smoldering,42,0.003715639231634922,0.0
b005_0763,loco_smoldering,42,0.030495374906258504,0.0
b005_0764,loco_smoldering,42,0.008034681687589551,0.0
b005_0765,loco_smoldering,42,0.010840351464318448,0.0
b005_0766,loco_smoldering,42,0.013150909885031278,0.0
b005_0767,loco_smoldering,42,0.0038950394411556054,0.0
b005_0768,loco_smoldering,42,0.0034671601701955325,0.0
b005_0769,loco_smoldering,42,0.005444817855709889,0.0
b005_0770,loco_smoldering,42,0.046383333987877015,0.0
b005_0771,loco_smoldering,42,0.004404582938209909,0.0
b005_0772,loco_smoldering,42,0.005342582210165555,0.0
b005_0773,loco_smoldering,42,0.004311648548626509,0.0
b005_0774,loco_smoldering,42,0.006211825081559479,0.0
b005_0775,loco_smoldering,42,0.006680114347426618,0.0
b005_0776,loco_smoldering,42,0.004565436331952204,0.0
b005_0777,loco_smoldering,42,0.004842853936992708,0.0
b005_0778,loco_smoldering,42,0.015292287849989093,0.0
b005_0779,loco_smoldering,42,0.051409493704311186,0.0
b005_0780,loco_smoldering,42,0.003883357907904953,0.0
b005_0781,loco_smoldering,42,0.004472932854636771,0.0
b005_0782,loco_smoldering,42,0.011456796380340075,0.0
b005_0783,loco_smoldering,42,0.048570679836585876,0.0
b005_0784,loco_smoldering,42,0.005173202420844406,0.0
b005_0785,loco_smoldering,42,0.011352354385813728,0.0
b005_0786,loco_smoldering,42,0.004798020495743048,0.0
b005_0787,loco_smoldering,42,0.004516381709302058,0.0
b005_0788,loco_smoldering,42,0.03881805548902418,0.0
b005_0789,loco_smoldering,42,0.00550667477435753,0.0
b005_0790,loco_smoldering,42,0.004257105413030406,0.0
b005_0791,loco_smoldering,42,0.006732647536230869,0.0
b005_0792,loco_smoldering,42,0.005152380857311311,0.0
b005_0793,loco_smoldering,42,0.004533889840860836,0.0
b005_0794,loco_smoldering,42,0.00435844503465246,0.0
b005_0795,loco_smoldering,42,0.041152130384914214,0.0
b005_0796,loco_smoldering,42,0.005599195839928799,0.0
b005_0797,loco_smoldering,42,0.005049766087141193,0.0
b005_0798,loco_smoldering,42,0.005064306689090416,0.0
b005_0799,loco_smoldering,42,0.004180991258777556,0.0
b005_0800,loco_smoldering,42,0.006808095291012623,0.0
b005_0801,loco_smoldering,42,0.03302310724727443,0.0
b005_0802,loco_smoldering,42,0.03402742108360666,0.0
b005_0803,loco_smoldering,42,0.008421588139455826,0.0
b005_0804,loco_smoldering,42,0.0064361994383765045,0.0
b005_0805,loco_smoldering,42,0.010163817249360631,0.0
b005_0809,loco_smoldering,42,0.003478705883026123,0.0
b005_0710,loco_smoldering,43,0.0040374222348947995,0.0
b005_0711,loco_smoldering,43,0.005209528031896372,0.0
b005_0712,loco_smoldering,43,0.0038055679837211234,0.0
b005_0713,loco_smoldering,43,0.0055566156496767135,0.0
b005_0714,loco_smoldering,43,0.004123072155186387,0.0
b005_0715,loco_smoldering,43,0.04421647161733909,0.0
b005_0716,loco_smoldering,43,0.004147053742017902,0.0
b005_0717,loco_smoldering,43,0.005023286967981057,0.0
b005_0718,loco_smoldering,43,0.0038760959124955973,0.0
b005_0719,loco_smoldering,43,0.005806756801292544,0.0
b005_0720,loco_smoldering,43,0.0048881075421317675,0.0
b005_0721,loco_smoldering,43,0.07990398074759812,0.0
b005_0722,loco_smoldering,43,0.04325182809204352,0.0
b005_0723,loco_smoldering,43,0.0051515708204175606,0.0
b005_0724,loco_smoldering,43,0.022010311728618184,0.0
b005_0725,loco_smoldering,43,0.004370721637225542,0.0
b005_0726,loco_smoldering,43,0.003836574124508217,0.0
b005_0727,loco_smoldering,43,0.01938174982539943,0.0
b005_0728,loco_smoldering,43,0.01726915406399086,0.0
b005_0729,loco_smoldering,43,0.0102014922704853,0.0
b005_0730,loco_smoldering,43,0.004069511030541092,0.0
b005_0731,loco_smoldering,43,0.004056748796681889,0.0
b005_0732,loco_smoldering,43,0.05399314497337967,0.0
b005_0733,loco_smoldering,43,0.005741530754527107,0.0
b005_0734,loco_smoldering,43,0.004646177174615078,0.0
b005_0735,loco_smoldering,43,0.003962016496501985,0.0
b005_0736,loco_smoldering,43,0.004679452200404933,0.0
b005_0737,loco_smoldering,43,0.017381642685561884,0.0
b005_0738,loco_smoldering,43,0.004629836707818704,0.0
b005_0739,loco_smoldering,43,0.004351871912596656,0.0
b005_0740,loco_smoldering,43,0.0049461194726287344,0.0
b005_0741,loco_smoldering,43,0.0051256877477051785,0.0
b005_0742,loco_smoldering,43,0.006774102078109491,0.0
b005_0743,loco_smoldering,43,0.05303666142166638,0.0
b005_0744,loco_smoldering,43,0.004563918856323742,0.0
b005_0745,loco_smoldering,43,0.004460061182741259,0.0
b005_0746,loco_smoldering,43,0.004220503275511695,0.0
b005_0747,loco_smoldering,43,0.004508845141676605,0.0
b005_0748,loco_smoldering,43,0.003702049372626133,0.0
b005_0749,loco_smoldering,43,0.004278569925026816,0.0
b005_0750,loco_smoldering,43,0.0122244231036452,0.0
b005_0751,loco_smoldering,43,0.004542810995070661,0.0
b005_0752,loco_smoldering,43,0.005477288707357938,0.0
b005_0753,loco_smoldering,43,0.005195594224773469,0.0
b005_0754,loco_smoldering,43,0.005421540776237113,0.0
b005_0755,loco_smoldering,43,0.006144347738047115,0.0
b005_0756,loco_smoldering,43,0.0043058756922112135,0.0
b005_0757,loco_smoldering,43,0.003737429126364286,0.0
b005_0758,loco_smoldering,43,0.011333697154873708,0.0
b005_0759,loco_smoldering,43,0.0037339486059595325,0.0
b005_0760,loco_smoldering,43,0.01589276458396286,0.0
b005_0761,loco_smoldering,43,0.012450508406904877,0.0
b005_0762,loco_smoldering,43,0.0034985767036187845,0.0
b005_0763,loco_smoldering,43,0.0297584523920153,0.0
b005_0764,loco_smoldering,43,0.006098797086809502,0.0
b005_0765,loco_smoldering,43,0.008538101540237177,0.0
b005_0766,loco_smoldering,43,0.011934780683673795,0.0
b005_0767,loco_smoldering,43,0.003782033920288086,0.0
b005_0768,loco_smoldering,43,0.0035292994780618636,0.0
b005_0769,loco_smoldering,43,0.005238334663578721,0.0
b005_0770,loco_smoldering,43,0.057018655245421365,0.0
b005_0771,loco_smoldering,43,0.004443782274840308,0.0
b005_0772,loco_smoldering,43,0.004650315300363009,0.0
b005_0773,loco_smoldering,43,0.003982895710429207,0.0
b005_0774,loco_smoldering,43,0.0049014648453134,0.0
b005_0775,loco_smoldering,43,0.0068675465271121165,0.0
b005_0776,loco_smoldering,43,0.003954536602145336,0.0
b005_0777,loco_smoldering,43,0.004228650546464764,0.0
b005_0778,loco_smoldering,43,0.019376472371523498,0.0
b005_0779,loco_smoldering,43,0.05677047029870455,0.0
b005_0780,loco_smoldering,43,0.0038709806614234798,0.0
b005_0781,loco_smoldering,43,0.004128939792758129,0.0
b005_0782,loco_smoldering,43,0.011609670568685063,0.0
b005_0783,loco_smoldering,43,0.06425569878249872,0.0
b005_0784,loco_smoldering,43,0.0045750375653876635,0.0
b005_0785,loco_smoldering,43,0.01014740056678897,0.0
b005_0786,loco_smoldering,43,0.003737016779477479,0.0
b005_0787,loco_smoldering,43,0.0042842509316616375,0.0
b005_0788,loco_smoldering,43,0.0430390404873207,0.0
b005_0789,loco_smoldering,43,0.004830765919607194,0.0
b005_0790,loco_smoldering,43,0.004105062758336301,0.0
b005_0791,loco_smoldering,43,0.0050001505945549635,0.0
b005_0792,loco_smoldering,43,0.004082284012778861,0.0
b005_0793,loco_smoldering,43,0.0037528139645936058,0.0
b005_0794,loco_smoldering,43,0.0037766313943706576,0.0
b005_0795,loco_smoldering,43,0.051248133182525635,0.0
b005_0796,loco_smoldering,43,0.005134396865719654,0.0
b005_0797,loco_smoldering,43,0.004049488755523182,0.0
b005_0798,loco_smoldering,43,0.004515900963642558,0.0
b005_0799,loco_smoldering,43,0.0037271937385934296,0.0
b005_0800,loco_smoldering,43,0.005429903014761503,0.0
b005_0801,loco_smoldering,43,0.03384660306524058,0.0
b005_0802,loco_smoldering,43,0.040105253946585734,0.0
b005_0803,loco_smoldering,43,0.006053152631540768,0.0
b005_0804,loco_smoldering,43,0.004956794566795474,0.0
b005_0805,loco_smoldering,43,0.007713256312198326,0.0
b005_0809,loco_smoldering,43,0.0035506994997868773,0.0
b005_0710,loco_smoldering,44,0.003750067265307317,0.0
b005_0711,loco_smoldering,44,0.004857274352527055,0.0
b005_0712,loco_smoldering,44,0.0034958446612123584,0.0
b005_0713,loco_smoldering,44,0.005936595260119829,0.0
b005_0714,loco_smoldering,44,0.003103470216031934,0.0
b005_0715,loco_smoldering,44,0.043624256477981314,0.0
b005_0716,loco_smoldering,44,0.0033724268928903046,0.0
b005_0717,loco_smoldering,44,0.00403871301744805,0.0
b005_0718,loco_smoldering,44,0.003733029131029473,0.0
b005_0719,loco_smoldering,44,0.004411536162016822,0.0
b005_0720,loco_smoldering,44,0.003937261026413714,0.0
b005_0721,loco_smoldering,44,0.06557143809365444,0.0
b005_0722,loco_smoldering,44,0.03845493715317523,0.0
b005_0723,loco_smoldering,44,0.0029590256878587067,0.0
b005_0724,loco_smoldering,44,0.018972605955405314,0.0
b005_0725,loco_smoldering,44,0.00359981861270842,0.0
b005_0726,loco_smoldering,44,0.003457308792677082,0.0
b005_0727,loco_smoldering,44,0.013746254756802419,0.0
b005_0728,loco_smoldering,44,0.011515281239493948,0.0
b005_0729,loco_smoldering,44,0.007352256384052214,0.0
b005_0730,loco_smoldering,44,0.0036847835681477533,0.0
b005_0731,loco_smoldering,44,0.0032036675781500143,0.0
b005_0732,loco_smoldering,44,0.046214833611347636,0.0
b005_0733,loco_smoldering,44,0.0043118195455582415,0.0
b005_0734,loco_smoldering,44,0.003334291645737945,0.0
b005_0735,loco_smoldering,44,0.004380514387224541,0.0
b005_0736,loco_smoldering,44,0.0033492748854590244,0.0
b005_0737,loco_smoldering,44,0.014940237412687208,0.0
b005_0738,loco_smoldering,44,0.004829818108042732,0.0
b005_0739,loco_smoldering,44,0.0031244823190032457,0.0
b005_0740,loco_smoldering,44,0.004000183988790043,0.0
b005_0741,loco_smoldering,44,0.00463540925354254,0.0
b005_0742,loco_smoldering,44,0.0049793456421523795,0.0
b005_0743,loco_smoldering,44,0.05029859992324329,0.0
b005_0744,loco_smoldering,44,0.004110172146656474,0.0
b005_0745,loco_smoldering,44,0.003149991152716465,0.0
b005_0746,loco_smoldering,44,0.003459159468041092,0.0
b005_0747,loco_smoldering,44,0.004742470921063033,0.0
b005_0748,loco_smoldering,44,0.0030922176407986,0.0
b005_0749,loco_smoldering,44,0.00401213716288082,0.0
b005_0750,loco_smoldering,44,0.008051734478747258,0.0
b005_0751,loco_smoldering,44,0.0033896057332148317,0.0
b005_0752,loco_smoldering,44,0.004796395536328926,0.0
b005_0753,loco_smoldering,44,0.0047410677690975,0.0
b005_0754,loco_smoldering,44,0.004838662069351947,0.0
b005_0755,loco_smoldering,44,0.0048593175215799304,0.0
b005_0756,loco_smoldering,44,0.0037158493135796217,0.0
b005_0757,loco_smoldering,44,0.0030855526689623223,0.0
b005_0758,loco_smoldering,44,0.008468475498136927,0.0
b005_0759,loco_smoldering,44,0.003478213411862733,0.0
b005_0760,loco_smoldering,44,0.012490721999621783,0.0
b005_0761,loco_smoldering,44,0.009768170411469506,0.0
b005_0762,loco_smoldering,44,0.00297655140767332,0.0
b005_0763,loco_smoldering,44,0.026519137327788305,0.0
b005_0764,loco_smoldering,44,0.005377284816054047,0.0
b005_0765,loco_smoldering,44,0.006056938015046667,0.0
b005_0766,loco_smoldering,44,0.008400987406245997,0.0
b005_0767,loco_smoldering,44,0.0036738260847623233,0.0
b005_0768,loco_smoldering,44,0.0030368791251886088,0.0
b005_0769,loco_smoldering,44,0.00349395001520876,0.0
b005_0770,loco_smoldering,44,0.04772022219954944,0.0
b005_0771,loco_smoldering,44,0.0034609798525200514,0.0
b005_0772,loco_smoldering,44,0.003649664706871158,0.0
b005_0773,loco_smoldering,44,0.0039014396120290286,0.0
b005_0774,loco_smoldering,44,0.004693718230138059,0.0
b005_0775,loco_smoldering,44,0.004535187463291356,0.0
b005_0776,loco_smoldering,44,0.0031959912816032035,0.0
b005_0777,loco_smoldering,44,0.0039514068697319655,0.0
b005_0778,loco_smoldering,44,0.014093710750829979,0.0
b005_0779,loco_smoldering,44,0.05407328879246946,0.0
b005_0780,loco_smoldering,44,0.0030113527032195543,0.0
b005_0781,loco_smoldering,44,0.0031060185588774134,0.0
b005_0782,loco_smoldering,44,0.008082271599378741,0.0
b005_0783,loco_smoldering,44,0.052359326941068055,0.0
b005_0784,loco_smoldering,44,0.003152163302312132,0.0
b005_0785,loco_smoldering,44,0.00667831545970479,0.0
b005_0786,loco_smoldering,44,0.0030095176618607318,0.0
b005_0787,loco_smoldering,44,0.003519121740685135,0.0
b005_0788,loco_smoldering,44,0.03928457420380389,0.0
b005_0789,loco_smoldering,44,0.003462953645674909,0.0
b005_0790,loco_smoldering,44,0.0029821395874023438,0.0
b005_0791,loco_smoldering,44,0.004778508280144363,0.0
b005_0792,loco_smoldering,44,0.0033577104083827285,0.0
b005_0793,loco_smoldering,44,0.0031506907744485823,0.0
b005_0794,loco_smoldering,44,0.0030719637870788574,0.0
b005_0795,loco_smoldering,44,0.04210180044174194,0.0
b005_0796,loco_smoldering,44,0.0034237230410341358,0.0
b005_0797,loco_smoldering,44,0.0033641330531386077,0.0
b005_0798,loco_smoldering,44,0.0035311931469401373,0.0
b005_0799,loco_smoldering,44,0.0033739101691324202,0.0
b005_0800,loco_smoldering,44,0.005840010330325268,0.0
b005_0801,loco_smoldering,44,0.034477085363669474,0.0
b005_0802,loco_smoldering,44,0.0383446744230927,0.0
b005_0803,loco_smoldering,44,0.005462746151158067,0.0
b005_0804,loco_smoldering,44,0.004659430902512347,0.0
b005_0805,loco_smoldering,44,0.005615179655981846,0.0
b005_0809,loco_smoldering,44,0.0028635537038083935,0.0
b005_0710,loco_smoldering,45,0.005817674222539683,0.0
b005_0711,loco_smoldering,45,0.007227269352459517,0.0
b005_0712,loco_smoldering,45,0.004646468357961686,0.0
b005_0713,loco_smoldering,45,0.006123095262246054,0.0
b005_0714,loco_smoldering,45,0.004976928234100342,0.0
b005_0715,loco_smoldering,45,0.04779030358205076,0.0
b005_0716,loco_smoldering,45,0.005827185560445316,0.0
b005_0717,loco_smoldering,45,0.005476385843558389,0.0
b005_0718,loco_smoldering,45,0.004073218244021056,0.0
b005_0719,loco_smoldering,45,0.00756617256852447,0.0
b005_0720,loco_smoldering,45,0.006735567186699539,0.0
b005_0721,loco_smoldering,45,0.07446466606171405,0.0
b005_0722,loco_smoldering,45,0.042211969367793346,0.0
b005_0723,loco_smoldering,45,0.0055736019963123756,0.0
b005_0724,loco_smoldering,45,0.028157539054995677,0.0
b005_0725,loco_smoldering,45,0.0064141193374258575,0.0
b005_0726,loco_smoldering,45,0.00455003879109367,0.0
b005_0727,loco_smoldering,45,0.02546850579683898,0.0
b005_0728,loco_smoldering,45,0.021893945873760787,0.0
b005_0729,loco_smoldering,45,0.014946711845085269,0.0
b005_0730,loco_smoldering,45,0.00420491910371624,0.0
b005_0731,loco_smoldering,45,0.005579496993393195,0.0
b005_0732,loco_smoldering,45,0.053426621390170737,0.0
b005_0733,loco_smoldering,45,0.006786225272006676,0.0
b005_0734,loco_smoldering,45,0.0057157151034620945,0.0
b005_0735,loco_smoldering,45,0.004969275388561311,0.0
b005_0736,loco_smoldering,45,0.005825012433724326,0.0
b005_0737,loco_smoldering,45,0.02103830165550357,0.0
b005_0738,loco_smoldering,45,0.004397339508181713,0.0
b005_0739,loco_smoldering,45,0.004410784752642522,0.0
b005_0740,loco_smoldering,45,0.00654135962001613,0.0
b005_0741,loco_smoldering,45,0.006719436801847865,0.0
b005_0742,loco_smoldering,45,0.009845310547312752,0.0
b005_0743,loco_smoldering,45,0.04915441548238035,0.0
b005_0744,loco_smoldering,45,0.005659142478567655,0.0
b005_0745,loco_smoldering,45,0.006222184564246506,0.0
b005_0746,loco_smoldering,45,0.004133472677137031,0.0
b005_0747,loco_smoldering,45,0.0050706501866950365,0.0
b005_0748,loco_smoldering,45,0.004949390888214111,0.0
b005_0749,loco_smoldering,45,0.005219724334654261,0.0
b005_0750,loco_smoldering,45,0.015958294516704122,0.0
b005_0751,loco_smoldering,45,0.005625608514566891,0.0
b005_0752,loco_smoldering,45,0.0074352817457230365,0.0
b005_0753,loco_smoldering,45,0.005844824626797535,0.0
b005_0754,loco_smoldering,45,0.0069214164233598555,0.0
b005_0755,loco_smoldering,45,0.007088749135126833,0.0
b005_0756,loco_smoldering,45,0.005516086445480096,0.0
b005_0757,loco_smoldering,45,0.0035903141146800556,0.0
b005_0758,loco_smoldering,45,0.015755421802645823,0.0
b005_0759,loco_smoldering,45,0.005413793149541636,0.0
b005_0760,loco_smoldering,45,0.02088203097953171,0.0
b005_0761,loco_smoldering,45,0.01836705891812434,0.0
b005_0762,loco_smoldering,45,0.0037638066244907067,0.0
b005_0763,loco_smoldering,45,0.03817535228416568,0.0
b005_0764,loco_smoldering,45,0.007704542308557229,0.0
b005_0765,loco_smoldering,45,0.01103088406265759,0.0
b005_0766,loco_smoldering,45,0.016675269994579377,0.0
b005_0767,loco_smoldering,45,0.0035617292904462972,0.0
b005_0768,loco_smoldering,45,0.0032533807832686628,0.0
b005_0769,loco_smoldering,45,0.008349533940924973,0.0
b005_0770,loco_smoldering,45,0.054093877800175404,0.0
b005_0771,loco_smoldering,45,0.0045576623228729745,0.0
b005_0772,loco_smoldering,45,0.006153620657373647,0.0
b005_0773,loco_smoldering,45,0.004294880100938141,0.0
b005_0774,loco_smoldering,45,0.005642552844813613,0.0
b005_0775,loco_smoldering,45,0.0067831883664991035,0.0
b005_0776,loco_smoldering,45,0.004383685158901527,0.0
b005_0777,loco_smoldering,45,0.0056738980480881985,0.0
b005_0778,loco_smoldering,45,0.022241609018357075,0.0
b005_0779,loco_smoldering,45,0.05620731779786407,0.0
b005_0780,loco_smoldering,45,0.004756297244400275,0.0
b005_0781,loco_smoldering,45,0.004266475067764032,0.0
b005_0782,loco_smoldering,45,0.015944899105634847,0.0
b005_0783,loco_smoldering,45,0.058111970541907136,0.0
b005_0784,loco_smoldering,45,0.0053566029814423105,0.0
b005_0785,loco_smoldering,45,0.01448739649819546,0.0
b005_0786,loco_smoldering,45,0.004503214945558642,0.0
b005_0787,loco_smoldering,45,0.005085907021506888,0.0
b005_0788,loco_smoldering,45,0.04556735030940322,0.0
b005_0789,loco_smoldering,45,0.005783767973790403,0.0
b005_0790,loco_smoldering,45,0.0038761486772631035,0.0
b005_0791,loco_smoldering,45,0.005557807742572221,0.0
b005_0792,loco_smoldering,45,0.005816468449889637,0.0
b005_0793,loco_smoldering,45,0.0051850246601417415,0.0
b005_0794,loco_smoldering,45,0.0053437713716850905,0.0
b005_0795,loco_smoldering,45,0.051343121489540476,0.0
b005_0796,loco_smoldering,45,0.005948370597401604,0.0
b005_0797,loco_smoldering,45,0.0052444485367321575,0.0
b005_0798,loco_smoldering,45,0.00510080915982606,0.0
b005_0799,loco_smoldering,45,0.004210812146546411,0.0
b005_0800,loco_smoldering,45,0.007074026787867312,0.0
b005_0801,loco_smoldering,45,0.03775373736365897,0.0
b005_0802,loco_smoldering,45,0.04248991950613554,0.0
b005_0803,loco_smoldering,45,0.006767683341854908,0.0
b005_0804,loco_smoldering,45,0.005255861360518659,0.0
b005_0805,loco_smoldering,45,0.00891848177206321,0.0
b005_0809,loco_smoldering,45,0.004141957056326944,0.0
b005_0710,loco_smoldering,46,0.005021165628902247,0.0
b005_0711,loco_smoldering,46,0.004872310357015641,0.0
b005_0712,loco_smoldering,46,0.0037520312872089323,0.0
b005_0713,loco_smoldering,46,0.004897607154533511,0.0
b005_0714,loco_smoldering,46,0.004314219365354444,0.0
b005_0715,loco_smoldering,46,0.041901632410580994,0.0
b005_0716,loco_smoldering,46,0.004144519078926962,0.0
b005_0717,loco_smoldering,46,0.00500625274220451,0.0
b005_0718,loco_smoldering,46,0.003699434585258609,0.0
b005_0719,loco_smoldering,46,0.006002587373139428,0.0
b005_0720,loco_smoldering,46,0.005518907406291023,0.0
b005_0721,loco_smoldering,46,0.07428900531080902,0.0
b005_0722,loco_smoldering,46,0.03760314085444466,0.0
b005_0723,loco_smoldering,46,0.00408202018894133,0.0
b005_0724,loco_smoldering,46,0.011756497328398658,0.0
b005_0725,loco_smoldering,46,0.00466676911369699,0.0
b005_0726,loco_smoldering,46,0.003939270973205566,0.0
b005_0727,loco_smoldering,46,0.010356731102114818,0.0
b005_0728,loco_smoldering,46,0.00921059045635286,0.0
b005_0729,loco_smoldering,46,0.006925079666200231,0.0
b005_0730,loco_smoldering,46,0.0036972184650233535,0.0
b005_0731,loco_smoldering,46,0.004429916866490098,0.0
b005_0732,loco_smoldering,46,0.04556251353904849,0.0
b005_0733,loco_smoldering,46,0.005111978679406839,0.0
b005_0734,loco_smoldering,46,0.004376318611082484,0.0
b005_0735,loco_smoldering,46,0.004243277135442515,0.0
b005_0736,loco_smoldering,46,0.004265085595553038,0.0
b005_0737,loco_smoldering,46,0.010190493747836253,0.0
b005_0738,loco_smoldering,46,0.0040684410783111075,0.0
b005_0739,loco_smoldering,46,0.003994568449551942,0.0
b005_0740,loco_smoldering,46,0.005033263417541004,0.0
b005_0741,loco_smoldering,46,0.004448182270175121,0.0
b005_0742,loco_smoldering,46,0.005891533171544309,0.0
b005_0743,loco_smoldering,46,0.044303678098272105,0.0
b005_0744,loco_smoldering,46,0.0048366159689231,0.0
b005_0745,loco_smoldering,46,0.0042747327538787344,0.0
b005_0746,loco_smoldering,46,0.003463056243833948,0.0
b005_0747,loco_smoldering,46,0.0044756942108029225,0.0
b005_0748,loco_smoldering,46,0.0036444976681568584,0.0
b005_0749,loco_smoldering,46,0.004508513896191706,0.0
b005_0750,loco_smoldering,46,0.007629650538084937,0.0
b005_0751,loco_smoldering,46,0.0042801587308039435,0.0
b005_0752,loco_smoldering,46,0.0050885765278925665,0.0
b005_0753,loco_smoldering,46,0.0046009870826220906,0.0
b005_0754,loco_smoldering,46,0.0048375891857459895,0.0
b005_0755,loco_smoldering,46,0.005245614247243913,0.0
b005_0756,loco_smoldering,46,0.004650267421222124,0.0
b005_0757,loco_smoldering,46,0.0037428336065323626,0.0
b005_0758,loco_smoldering,46,0.007220659099641393,0.0
b005_0759,loco_smoldering,46,0.0038514303379371517,0.0
b005_0760,loco_smoldering,46,0.0102154299861095,0.0
b005_0761,loco_smoldering,46,0.008617601433738332,0.0
b005_0762,loco_smoldering,46,0.0033918404188312467,0.0
b005_0763,loco_smoldering,46,0.022873548210644332,0.0
b005_0764,loco_smoldering,46,0.005208023258897125,0.0
b005_0765,loco_smoldering,46,0.007092205227398482,0.0
b005_0766,loco_smoldering,46,0.007142297557142914,0.0
b005_0767,loco_smoldering,46,0.003871969512251557,0.0
b005_0768,loco_smoldering,46,0.003389821677911477,0.0
b005_0769,loco_smoldering,46,0.0045830148165343235,0.0
b005_0770,loco_smoldering,46,0.05004675271081143,0.0
b005_0771,loco_smoldering,46,0.003646645389619421,0.0
b005_0772,loco_smoldering,46,0.004109953270583856,0.0
b005_0773,loco_smoldering,46,0.0038885190838673076,0.0
b005_0774,loco_smoldering,46,0.004552990686698038,0.0
b005_0775,loco_smoldering,46,0.005595524780085829,0.0
b005_0776,loco_smoldering,46,0.0037678030670666306,0.0
b005_0777,loco_smoldering,46,0.004059904911479012,0.0
b005_0778,loco_smoldering,46,0.010328633863417829,0.0
b005_0779,loco_smoldering,46,0.05423067143706024,0.0
b005_0780,loco_smoldering,46,0.0033463132186014144,0.0
b005_0781,loco_smoldering,46,0.0036539591726709583,0.0
b005_0782,loco_smoldering,46,0.007139373998172948,0.0
b005_0783,loco_smoldering,46,0.0536806016671853,0.0
b005_0784,loco_smoldering,46,0.004054063656291023,0.0
b005_0785,loco_smoldering,46,0.00672529369104104,0.0
b005_0786,loco_smoldering,46,0.003350218788522189,0.0
b005_0787,loco_smoldering,46,0.004161159523197862,0.0
b005_0788,loco_smoldering,46,0.03938122850949647,0.0
b005_0789,loco_smoldering,46,0.005027424116603663,0.0
b005_0790,loco_smoldering,46,0.003535909730879987,0.0
b005_0791,loco_smoldering,46,0.005297587543237405,0.0
b005_0792,loco_smoldering,46,0.004199531234678675,0.0
b005_0793,loco_smoldering,46,0.0035240288640632006,0.0
b005_0794,loco_smoldering,46,0.0037588076513321673,0.0
b005_0795,loco_smoldering,46,0.043339353115832216,0.0
b005_0796,loco_smoldering,46,0.004577471584570212,0.0
b005_0797,loco_smoldering,46,0.004076126168985836,0.0
b005_0798,loco_smoldering,46,0.004195387246178799,0.0
b005_0799,loco_smoldering,46,0.004006779584728303,0.0
b005_0800,loco_smoldering,46,0.005869060266213339,0.0
b005_0801,loco_smoldering,46,0.028782063820323008,0.0
b005_0802,loco_smoldering,46,0.03431005458362767,0.0
b005_0803,loco_smoldering,46,0.0051273527692575925,0.0
b005_0804,loco_smoldering,46,0.00472064878119797,0.0
b005_0805,loco_smoldering,46,0.0060983114555233815,0.0
b005_0809,loco_smoldering,46,0.0033821229074822096,0.0
